n_voxels,n_seed,z_min,z_max,z_extent,y_extent,x_extent,fill,centroid_z,centroid_y,centroid_x,snr_cluster,r_peak,r_peak_ratio,peak_offset,snr_peak,linearity,planarity,sphericity,axis_z,normal_z,edge_contrast,decay_drop,seed_grown_ratio
14,4,200,203,4,2,4,0.4375,201.536,132.060,511.344,13.1497,15.0000,1.3907,0.8052,4.8857,0.1712,0.7136,0.1153,0.4873,0.0546,3.9094,1.4655,0.3576
7,3,200,202,3,1,3,0.7778,200.951,136.000,600.062,9.9806,15.0000,1.2963,0.0791,4.8899,0.6076,0.3038,0.0886,0.7071,0.0000,3.5874,0.9777,0.5185
13,3,200,203,4,2,4,0.4062,200.949,145.360,481.301,12.2966,13.0000,1.2426,1.2319,4.2414,0.0612,0.7780,0.1608,0.6508,0.0834,2.9366,0.6525,0.2868
4,3,200,203,4,1,1,1.0000,201.407,235.000,1075.000,8.7986,16.0000,1.1852,0.4074,5.2159,0.9375,0.0000,0.0625,1.0000,0.0000,5.2147,1.9557,0.8148
7,3,200,201,2,2,3,0.5833,200.417,642.107,745.012,10.3549,15.0000,1.2500,0.4304,4.8939,0.4600,0.2645,0.2756,0.0000,0.3827,3.5894,0.9771,0.5119
20,3,200,202,3,5,4,0.3333,200.648,790.826,768.847,17.2079,18.0000,1.5254,0.9109,5.8678,0.6936,0.0690,0.2374,0.0460,0.6101,2.2819,0.3284,0.4407
40,3,200,204,5,4,10,0.2000,201.254,816.639,684.438,22.7254,16.0000,1.4512,3.4658,5.2159,0.7920,0.1462,0.0619,0.1923,0.1618,2.6041,0.6509,0.3061
6,3,200,202,3,3,1,0.6667,200.603,1307.123,748.000,9.7184,15.0000,1.2329,0.6152,4.8939,0.2083,0.6667,0.1250,0.8944,0.0000,3.7512,0.1631,0.5753
9,3,202,205,4,2,2,0.5625,203.495,510.342,896.622,12.0354,17.0000,1.3784,0.7176,5.5273,0.6077,0.1265,0.2658,0.9351,0.3204,3.5803,0.9769,0.4054
5,3,203,205,3,2,2,0.4167,203.955,973.134,1000.209,9.7424,17.0000,1.2687,0.2524,5.5273,0.4138,0.1655,0.4207,1.0000,0.0000,4.8767,0.6504,0.6866
6,3,204,206,3,1,2,1.0000,204.986,780.000,470.429,9.2828,14.0000,1.2000,1.1011,4.5432,0.5556,0.3333,0.1111,1.0000,0.0000,3.5748,0.9735,0.5714
4,3,205,206,2,2,1,1.0000,205.538,1233.538,661.000,8.4411,14.0000,1.0769,0.7092,4.5476,0.0000,0.7500,0.2500,1.0000,0.0000,4.2187,0.9722,0.8077
7,3,206,208,3,3,2,0.3889,207.081,1031.767,334.140,10.5369,15.0000,1.2209,0.7843,4.8629,0.6816,0.1457,0.1727,0.5229,0.2303,4.2141,1.2974,0.5000
5,3,216,218,3,2,2,0.4167,217.060,1102.627,604.164,9.6036,16.0000,1.1940,0.4120,5.1286,0.5461,0.2256,0.2283,0.8117,0.4177,4.8088,1.2829,0.6716
6,3,226,228,3,2,2,0.5000,227.041,1081.500,710.757,9.5586,17.0000,1.3784,0.5575,5.3791,0.4412,0.1872,0.3716,0.7882,0.6154,4.2712,1.5821,0.6081
4,3,233,234,2,2,2,0.5000,233.811,1033.264,640.472,8.3105,15.0000,1.1321,0.6201,4.7029,0.5916,0.1015,0.3069,0.5000,0.5000,4.7033,1.2547,0.8113
4,3,234,235,2,3,1,0.6667,234.418,1277.873,657.000,8.6173,16.0000,1.1636,0.9677,5.0164,0.7576,0.1294,0.1129,0.5257,0.0000,5.0142,0.9394,0.8364
4,3,235,236,2,2,2,0.5000,235.731,663.558,981.827,8.1336,15.0000,1.1538,0.5460,4.6909,0.5916,0.1015,0.3069,0.5000,0.5000,4.6941,1.8766,0.8269
3,3,237,238,2,1,2,0.7500,237.644,1158.000,516.333,8.1081,16.0000,1.0667,0.7255,4.9973,0.5333,0.2667,0.2000,0.7071,0.0000,4.9913,2.1848,1.0000
6,3,243,245,3,2,2,0.5000,244.197,1013.276,1024.671,9.6076,15.0000,1.1842,0.4728,4.6458,0.6381,0.1455,0.2164,0.8019,0.3768,4.1829,1.2372,0.5789
4,3,243,245,3,2,1,0.6667,244.148,1059.167,1072.000,8.3612,16.0000,1.1852,0.2230,4.9556,0.7500,0.1500,0.1000,0.9487,0.0000,4.8006,0.9292,0.8333
4,3,245,247,3,2,1,0.6667,245.633,986.283,1019.000,9.2748,17.0000,1.1333,0.9564,5.2594,0.7500,0.1500,0.1000,0.9487,0.0000,4.6377,1.2321,0.8167
5,3,255,256,2,2,2,0.6250,255.365,703.317,853.778,8.6267,15.0000,1.1905,0.5324,4.5943,0.3432,0.2505,0.4063,0.6059,0.3645,3.9785,0.9186,0.6825
8,4,256,259,4,2,2,0.5000,257.780,933.750,640.210,10.8032,17.0000,1.3600,0.3937,5.1935,0.7248,0.0930,0.1821,0.9678,0.1435,4.1205,0.6111,0.6000
8,3,262,265,4,2,2,0.5000,263.396,922.885,557.354,10.3267,14.0000,1.1667,1.4446,4.2638,0.7957,0.0895,0.1148,0.9717,0.1361,4.1035,1.5192,0.4375
4,3,269,270,2,3,1,0.6667,269.472,1148.075,824.000,8.0309,15.0000,1.1321,0.5337,4.5444,0.7576,0.1294,0.1129,0.5257,0.0000,4.8498,1.6657,0.8113
5,3,271,273,3,1,2,0.8333,272.235,589.000,224.529,9.2015,16.0000,1.1765,0.5793,4.8418,0.5854,0.2927,0.1220,0.9487,0.0000,5.1416,0.9077,0.7059
5,3,271,272,2,3,1,0.8333,271.431,933.723,749.000,8.7994,15.0000,1.1538,0.8417,4.5417,0.5854,0.2927,0.1220,0.3162,0.0000,4.5395,1.2111,0.6615
3,3,272,273,2,2,1,0.7500,272.622,1154.311,598.000,7.8594,17.0000,1.1333,0.6957,5.1444,0.5333,0.2667,0.2000,0.7071,0.0000,4.5371,1.2105,1.0000
4,3,273,275,3,2,1,0.6667,274.333,1157.263,920.000,8.6137,18.0000,1.2632,0.4247,5.4412,0.7500,0.1500,0.1000,0.9487,0.0000,4.6832,1.2099,0.8246
5,3,274,276,3,3,1,0.5556,275.118,968.074,595.000,9.1874,17.0000,1.2500,1.2794,5.1336,0.7911,0.1351,0.0737,0.8507,0.0000,3.9257,0.9055,0.6618
3,3,277,279,3,1,1,1.0000,277.978,893.000,752.000,8.0123,17.0000,1.1087,0.0217,5.1287,0.8889,0.0000,0.1111,1.0000,0.0000,4.0751,0.6037,1.0000
3,3,282,284,3,1,1,1.0000,283.000,1162.000,744.000,7.2992,14.0000,1.0000,1.0000,4.2160,0.8889,0.0000,0.1111,1.0000,0.0000,4.5150,1.5047,1.0000
4,3,287,290,4,1,1,1.0000,288.607,1158.000,986.000,8.4097,17.0000,1.2143,0.3929,5.1051,0.9375,0.0000,0.0625,1.0000,0.0000,3.9035,0.5999,0.8036
5,3,288,290,3,2,1,0.8333,289.119,1125.373,653.000,8.9976,17.0000,1.2687,0.3918,5.1051,0.5854,0.2927,0.1220,0.9487,0.0000,4.5044,0.9011,0.6716
3,3,326,328,3,1,1,1.0000,327.037,894.000,903.000,9.2617,22.0000,1.2222,0.0370,6.5355,0.8889,0.0000,0.1111,1.0000,0.0000,5.6433,1.4854,1.0000
6,4,329,331,3,2,2,0.5000,330.337,917.174,846.477,10.4223,20.0000,1.3953,0.6465,5.9375,0.6373,0.1269,0.2358,0.8795,0.0724,4.7491,1.4842,0.7558
3,3,334,335,2,2,1,0.7500,334.333,996.354,731.000,8.2196,17.0000,1.0625,0.7268,5.0425,0.5333,0.2667,0.2000,0.7071,0.0000,5.1897,2.0755,1.0000
5,3,342,344,3,2,1,0.8333,342.729,845.400,503.000,9.2694,16.0000,1.1429,0.8312,4.7383,0.5854,0.2927,0.1220,0.9487,0.0000,4.7374,1.4801,0.6714
4,3,343,345,3,2,1,0.6667,344.141,708.391,844.000,9.4726,20.0000,1.2500,0.4152,5.9205,0.7576,0.1294,0.1129,0.8507,0.0000,4.7360,1.3322,0.8438
9,3,352,355,4,2,2,0.5625,353.067,911.714,807.336,11.7232,19.0000,1.4370,0.4462,5.6154,0.8053,0.0346,0.1601,0.9792,0.2029,4.4322,1.1818,0.4202
4,3,363,364,2,2,1,1.0000,363.508,817.525,828.000,8.7036,16.0000,1.0847,0.6955,4.7210,0.0000,0.7500,0.2500,1.0000,0.0000,4.1303,1.4753,0.7797
3,3,371,372,2,1,2,0.7500,371.326,990.000,837.652,7.8266,16.0000,1.0435,0.7292,4.7154,0.5333,0.2667,0.2000,0.7071,0.0000,4.1259,1.4735,1.0000
5,3,376,378,3,2,1,0.8333,376.803,1072.521,966.000,9.3503,19.0000,1.3380,0.5572,5.5949,0.5854,0.2927,0.1220,0.9487,0.0000,4.1232,1.0305,0.7042
7,3,386,388,3,3,3,0.2593,386.872,754.904,439.979,10.4491,20.0000,1.4894,0.1610,5.8820,0.3805,0.2786,0.3409,0.6013,0.3993,3.2351,1.4705,0.5426
7,4,406,409,4,2,2,0.4375,407.553,797.563,1029.117,11.4254,20.0000,1.3592,0.6355,5.8694,0.7406,0.0824,0.1770,0.9316,0.0988,4.6959,1.7607,0.6505
4,3,409,411,3,2,1,0.6667,409.953,991.234,879.000,9.3895,18.0000,1.1250,0.2390,5.2816,0.5357,0.3214,0.1429,1.0000,0.0000,4.4016,0.7335,0.7812
4,3,410,412,3,2,1,0.6667,410.790,915.177,572.000,9.0955,19.0000,1.2258,0.2747,5.5746,0.7500,0.1500,0.1000,0.9487,0.0000,4.9878,1.1737,0.8226
5,3,418,420,3,1,2,0.8333,418.909,672.000,994.606,8.6548,15.0000,1.1364,0.6128,4.3983,0.5854,0.2927,0.1220,0.9487,0.0000,4.6913,1.4660,0.6818
5,3,419,420,2,2,2,0.6250,419.614,980.843,797.414,9.1789,17.0000,1.2143,0.7187,4.9844,0.3432,0.2505,0.4063,0.6059,0.3645,4.9845,1.4660,0.6714
4,3,422,423,2,2,1,1.0000,422.483,1331.534,683.000,8.5015,16.0000,1.1034,0.6959,4.6903,0.0000,0.7500,0.2500,1.0000,0.0000,4.6906,1.7589,0.7931
3,3,433,434,2,1,2,0.7500,433.646,1025.000,1029.667,8.1191,17.0000,1.0625,0.7268,4.9807,0.5333,0.2667,0.2000,0.7071,0.0000,4.9804,1.1719,1.0000
6,3,435,436,2,1,4,0.7500,435.494,948.000,1125.554,9.9264,21.0000,1.5181,0.6744,6.1517,0.7692,0.1538,0.0769,0.3162,0.0000,4.1013,1.1718,0.6265
8,3,437,439,3,2,2,0.6667,438.376,789.596,530.339,11.2880,16.0000,1.1743,0.6478,4.6866,0.4782,0.1602,0.3617,0.9087,0.4175,4.2473,1.4645,0.4220
4,3,449,450,2,1,2,1.0000,449.544,1001.000,687.544,8.3449,16.0000,1.1228,0.7098,4.6849,0.0000,0.7500,0.2500,0.0000,0.0000,5.1240,1.4640,0.8246
10,3,466,468,3,2,4,0.4167,466.913,715.746,1019.437,11.6643,16.0000,1.2698,0.5125,4.6839,0.6457,0.1850,0.1693,0.6872,0.0723,3.6593,1.1710,0.3730
7,3,470,472,3,2,3,0.3889,470.833,440.478,774.000,9.9582,18.0000,1.4000,0.5482,5.2694,0.1909,0.4622,0.3468,0.7315,0.2073,3.5129,1.3173,0.5333
4,3,486,487,2,1,2,1.0000,486.431,729.000,1098.448,8.4897,17.0000,1.1724,0.6219,4.9767,0.0000,0.7500,0.2500,0.0000,0.0000,4.8303,1.7565,0.8276
6,3,504,505,2,3,2,0.5000,504.395,978.012,702.140,10.2766,18.0000,1.2558,0.6207,5.2686,0.7074,0.0897,0.2030,0.3047,0.0847,4.5369,1.1708,0.5698
5,3,523,524,2,1,3,0.8333,523.425,821.000,1113.219,9.5507,17.0000,1.1644,0.4779,4.9734,0.5854,0.2927,0.1220,0.3162,0.0000,4.0956,1.1701,0.6575
4,3,526,528,3,2,1,0.6667,527.333,1046.263,652.000,8.3364,16.0000,1.1228,0.4247,4.6801,0.7500,0.1500,0.1000,0.9487,0.0000,4.6800,1.4626,0.8070
4,3,527,528,2,1,2,1.0000,527.516,708.000,995.500,9.0676,17.0000,1.0968,0.6958,4.9725,0.0000,0.7500,0.2500,0.0000,0.0000,4.2413,0.4388,0.7742
5,3,536,538,3,3,1,0.5556,536.958,868.958,834.000,9.2839,16.0000,1.1268,0.0598,4.6782,0.7911,0.1351,0.0737,0.8507,0.0000,4.9703,1.7543,0.6479
8,3,548,551,4,3,3,0.2222,549.679,552.142,965.594,10.9508,16.0000,1.2075,0.6900,4.6752,0.5522,0.3002,0.1476,0.6223,0.3358,4.0910,1.4610,0.4340
4,3,548,549,2,1,2,1.0000,548.483,880.000,507.467,8.7666,16.0000,1.0667,0.6719,4.6756,0.0000,0.7500,0.2500,0.0000,0.0000,5.1138,1.1689,0.7833
5,3,549,551,3,1,2,0.8333,550.254,1052.000,863.423,9.2778,16.0000,1.1268,0.4928,4.6752,0.5854,0.2927,0.1220,0.9487,0.0000,4.0906,0.8766,0.6479
3,3,551,552,2,2,1,0.7500,551.667,1132.667,839.000,7.5908,15.0000,1.0000,0.7454,4.3827,0.5333,0.2667,0.2000,0.7071,0.0000,4.6747,2.3372,1.0000
5,3,557,559,3,3,1,0.5556,557.926,605.132,437.000,8.8820,16.0000,1.1765,0.8708,4.6731,0.7911,0.1351,0.0737,0.5257,0.0000,4.6731,1.3143,0.6765
6,3,557,559,3,3,2,0.3333,558.222,982.148,723.148,9.6581,16.0000,1.1852,0.3054,4.6731,0.7273,0.0909,0.1818,0.7071,0.5774,4.5268,1.4603,0.5679
8,3,569,572,4,3,2,0.3333,570.378,951.018,732.523,11.4538,21.0000,1.5135,0.6095,6.1292,0.5963,0.0096,0.3941,0.9920,0.1259,4.3779,1.4592,0.4685
5,3,580,581,2,2,3,0.4167,580.265,642.853,1146.779,8.8702,18.0000,1.3235,0.7816,5.2500,0.6489,0.0995,0.2515,0.1100,0.3726,4.6670,1.7502,0.7059
5,3,583,584,2,2,2,0.6250,583.592,418.606,851.845,9.2597,16.0000,1.1268,0.7276,4.6661,0.3432,0.2505,0.4063,0.6059,0.3645,4.0826,0.5833,0.6620
5,3,595,597,3,2,2,0.4167,596.072,552.464,961.319,8.9919,16.0000,1.1594,0.6281,4.6624,0.7383,0.0485,0.2132,0.7071,0.0000,4.9538,2.0396,0.6812
5,3,596,598,3,2,2,0.4167,597.111,1000.444,1006.181,9.3823,17.0000,1.1806,1.2553,4.9538,0.7729,0.0435,0.1836,0.8328,0.5477,4.8078,2.0396,0.6528
4,3,597,599,3,1,2,0.6667,598.053,863.000,988.526,8.3039,15.0000,1.0526,0.5289,4.3705,0.7576,0.1294,0.1129,0.8507,0.0000,4.3704,1.0197,0.7895
5,3,602,603,2,2,2,0.6250,602.554,789.608,548.649,9.6398,18.0000,1.2162,0.7642,5.2433,0.2938,0.4054,0.3007,0.7071,0.6739,4.6605,1.7478,0.6486
7,3,608,610,3,2,2,0.5833,608.958,657.747,478.295,10.4552,18.0000,1.3263,0.3905,5.2412,0.6517,0.0773,0.2710,0.8881,0.0000,4.0764,1.1648,0.5158
5,3,617,619,3,1,3,0.5556,617.986,732.000,954.478,8.9804,16.0000,1.1594,1.1151,4.6567,0.3318,0.5530,0.1152,0.0000,0.0000,4.6562,1.4551,0.6667
8,3,618,620,3,3,2,0.4444,618.676,738.270,869.739,11.4207,18.0000,1.2973,0.8509,5.2382,0.5686,0.1035,0.3278,0.7327,0.1369,4.0744,1.3096,0.4595
4,3,652,655,4,1,1,1.0000,653.404,573.000,895.000,8.2793,16.0000,1.1228,0.5965,4.6479,0.9375,0.0000,0.0625,1.0000,0.0000,4.9386,1.4525,0.8070
3,3,653,654,2,1,2,0.7500,653.312,832.000,903.646,8.0506,17.0000,1.0625,0.7175,4.9386,0.5333,0.2667,0.2000,0.7071,0.0000,4.9386,1.4525,1.0000
6,3,654,655,2,3,1,1.0000,654.417,635.952,495.000,9.9617,19.0000,1.3571,1.0395,5.5194,0.5556,0.3333,0.1111,0.0000,0.0000,3.9216,1.0167,0.5833
5,3,655,656,2,2,2,0.6250,655.861,554.611,966.597,9.3529,19.0000,1.3194,0.7261,5.5189,0.3432,0.2505,0.4063,0.5155,0.8569,4.6475,1.7428,0.7222
5,3,655,657,3,1,3,0.5556,655.938,780.000,1279.050,10.3921,23.0000,1.4375,0.0800,6.6808,0.0000,0.8276,0.1724,0.0000,0.0000,4.9380,1.3071,0.7000
4,3,661,663,3,2,1,0.6667,661.983,298.183,886.000,8.7119,18.0000,1.2000,0.1841,5.2271,0.5357,0.3214,0.1429,1.0000,0.0000,4.7915,1.1615,0.8167
3,3,668,669,2,1,2,0.7500,668.326,577.000,812.674,7.7104,16.0000,1.0435,0.4612,4.6452,0.5333,0.2667,0.2000,0.7071,0.0000,4.6452,0.8710,1.0000
5,3,669,670,2,2,2,0.6250,669.342,611.342,944.184,9.8672,20.0000,1.3158,0.5177,5.8063,0.3432,0.2505,0.4063,0.6059,0.3645,5.2255,1.3064,0.6842
4,3,670,672,3,2,1,0.6667,670.847,651.814,1170.000,8.5637,17.0000,1.1525,1.1675,4.9348,0.7500,0.1500,0.1000,0.9487,0.0000,4.2093,1.1611,0.8136
3,3,672,674,3,1,1,1.0000,672.978,399.000,616.000,7.7091,16.0000,1.0435,0.9783,4.6445,0.8889,0.0000,0.1111,1.0000,0.0000,4.0638,1.0160,1.0000
5,3,672,674,3,1,2,0.8333,672.768,483.000,657.565,8.9573,18.0000,1.3043,0.4928,5.2249,0.5854,0.2927,0.1220,0.9487,0.0000,4.9346,1.8868,0.6957
5,3,672,674,3,1,3,0.5556,673.260,634.000,977.808,9.4764,17.0000,1.1644,0.7642,4.9345,0.8123,0.1108,0.0769,0.7071,0.0000,4.9347,0.7257,0.6712
5,3,681,682,2,1,3,0.8333,681.453,676.000,1145.253,9.7334,19.0000,1.2667,0.5193,5.5138,0.5854,0.2927,0.1220,0.3162,0.0000,5.3685,0.8706,0.7067
5,3,681,682,2,2,2,0.6250,681.446,693.568,940.162,9.6037,17.0000,1.1486,0.8096,4.9332,0.3432,0.2505,0.4063,0.6059,0.3645,4.6432,0.8706,0.6486
8,3,681,684,4,2,2,0.5000,682.913,798.806,478.709,10.5673,20.0000,1.5534,0.3608,5.8036,0.7029,0.0457,0.2514,0.9668,0.1294,2.6117,0.7255,0.5146
8,3,684,687,4,2,2,0.5000,685.519,590.213,665.426,11.0795,18.0000,1.3333,0.7040,5.2230,0.6710,0.0682,0.2607,0.9390,0.3056,4.2074,1.4508,0.4537
4,3,690,691,2,1,2,1.0000,690.526,644.000,1029.474,8.2686,15.0000,1.0526,0.7081,4.3520,0.0000,0.7500,0.2500,0.0000,0.0000,4.6420,1.4506,0.7895
4,3,701,702,2,1,2,1.0000,701.441,683.000,1129.441,8.5571,17.0000,1.1525,0.6232,4.9312,0.0000,0.7500,0.2500,0.0000,0.0000,4.3511,0.4351,0.8305
9,3,707,709,3,2,3,0.5000,707.858,929.186,753.168,10.9252,17.0000,1.3540,0.2878,4.9308,0.6845,0.0726,0.2429,0.6969,0.1196,2.9005,1.0152,0.4159
7,3,709,710,2,3,2,0.5833,709.227,712.705,807.420,9.6472,16.0000,1.2727,0.5619,4.6408,0.4600,0.2645,0.2756,0.2857,0.7240,3.4806,1.1602,0.5341
4,3,728,729,2,2,1,1.0000,728.517,515.483,450.000,8.4107,15.0000,1.0345,0.7075,4.3504,0.0000,0.7500,0.2500,1.0000,0.0000,4.6404,1.3051,0.7759
7,3,728,730,3,2,2,0.5833,728.990,789.385,905.854,10.5234,18.0000,1.3125,0.4122,5.2204,0.4600,0.2645,0.2756,1.0000,0.0000,4.3504,1.0151,0.5000
10,5,729,732,4,2,3,0.4167,730.136,571.857,818.039,14.1238,23.0000,1.4935,0.2013,6.6705,0.6036,0.1894,0.2069,0.9359,0.1933,4.7853,1.7401,0.6104
3,3,731,733,3,1,1,1.0000,731.980,258.000,872.000,8.2047,17.0000,1.0408,0.9796,4.9304,0.8889,0.0000,0.1111,1.0000,0.0000,4.3503,1.5951,1.0000
3,3,738,739,2,1,2,0.7500,738.326,1104.000,1076.674,7.7020,16.0000,1.0435,0.4612,4.6401,0.5333,0.2667,0.2000,0.7071,0.0000,4.6401,0.8700,1.0000
7,4,744,746,3,2,2,0.5833,744.684,508.611,954.716,10.4124,16.0000,1.1789,0.5764,4.6397,0.4600,0.2645,0.2756,0.8571,0.1000,4.0598,0.7250,0.6421
10,3,751,752,2,4,3,0.4167,751.590,592.885,922.803,11.1862,17.0000,1.3934,0.9952,4.9291,0.4770,0.2455,0.2775,0.1395,0.8550,3.3344,1.4497,0.3852
3,3,760,761,2,1,2,0.7500,760.700,587.000,839.680,8.3682,19.0000,1.1400,0.4386,5.5077,0.5333,0.2667,0.2000,0.7071,0.0000,4.9280,1.5944,1.0000
7,3,789,792,4,2,2,0.4375,790.022,209.674,508.109,10.0700,16.0000,1.2174,0.6830,4.6335,0.7514,0.0882,0.1604,0.9757,0.1283,4.3440,1.1585,0.5109
5,3,802,803,2,3,1,0.8333,802.549,461.761,538.000,9.1921,17.0000,1.1972,0.5992,4.9215,0.5854,0.2927,0.1220,0.3162,0.0000,4.6320,1.8817,0.6901
4,3,808,809,2,2,2,0.5000,808.456,653.263,1098.193,8.2497,16.0000,1.1228,0.5609,4.6314,0.5916,0.1015,0.3069,0.7071,0.7071,4.6314,1.3026,0.8070
4,3,815,816,2,1,2,1.0000,815.500,553.000,850.468,8.9724,17.0000,1.0968,0.6847,4.9204,0.0000,0.7500,0.2500,0.0000,0.0000,4.7756,1.4472,0.7742
7,3,816,818,3,2,2,0.5833,816.929,773.459,373.102,10.7206,18.0000,1.2857,0.5550,5.2097,0.4600,0.2645,0.2756,1.0000,0.0000,4.6309,1.4471,0.5102
5,3,820,822,3,2,1,0.8333,820.897,288.618,648.000,8.8013,16.0000,1.1765,0.3960,4.6307,0.5854,0.2927,0.1220,0.9487,0.0000,4.6306,0.5789,0.6765
4,3,821,822,2,1,2,1.0000,821.456,543.000,1084.456,8.2483,16.0000,1.1228,0.7098,4.6307,0.0000,0.7500,0.2500,0.0000,0.0000,5.0648,1.4471,0.8246
21,3,827,831,5,5,5,0.1680,828.769,788.348,765.938,17.2404,24.0000,1.8462,0.4222,6.9455,0.7556,0.1559,0.0885,0.3806,0.1275,2.6046,0.5788,0.2784
6,3,828,829,2,3,2,0.5000,828.667,568.381,783.679,9.9243,19.0000,1.3571,0.5996,5.4986,0.6854,0.0214,0.2932,0.3377,0.6213,4.1963,1.3023,0.5952
4,3,833,835,3,2,1,0.6667,834.000,387.175,755.000,8.2475,17.0000,1.1930,0.1754,4.9196,0.5357,0.3214,0.1429,1.0000,0.0000,4.0514,1.1575,0.8246
4,3,837,838,2,1,2,1.0000,837.542,949.000,820.475,8.5367,17.0000,1.1525,0.6968,4.9194,0.0000,0.7500,0.2500,0.0000,0.0000,5.0641,1.7363,0.8136
4,3,850,851,2,2,1,1.0000,850.525,637.410,825.000,8.8250,19.0000,1.2459,0.6657,5.4976,0.0000,0.7500,0.2500,1.0000,0.0000,4.3401,1.3021,0.8361
3,3,859,860,2,2,1,0.7500,859.638,458.319,904.000,7.8505,17.0000,1.0851,0.7136,4.9183,0.5333,0.2667,0.2000,0.7071,0.0000,4.9182,1.5912,1.0000
5,3,866,868,3,1,3,0.5556,867.114,591.000,1184.257,9.0557,16.0000,1.1429,0.2814,4.6284,0.8123,0.1108,0.0769,0.7071,0.0000,4.6285,1.3017,0.6714
4,3,866,869,4,1,1,1.0000,867.609,771.000,566.000,9.2567,19.0000,1.1875,1.3906,5.4960,0.9375,0.0000,0.0625,1.0000,0.0000,3.9052,0.8678,0.7812
5,3,870,871,2,2,2,0.6250,870.296,713.620,496.239,9.1845,17.0000,1.1972,0.7272,4.9174,0.3432,0.2505,0.4063,0.6059,0.3645,4.9174,1.4463,0.7042
4,3,872,875,4,1,1,1.0000,873.627,752.000,787.000,8.5325,17.0000,1.1525,0.6271,4.9171,0.9375,0.0000,0.0625,1.0000,0.0000,5.2062,1.7354,0.8305
5,3,875,877,3,1,2,0.8333,875.750,808.000,743.441,8.7954,16.0000,1.1765,0.5071,4.6276,0.5854,0.2927,0.1220,0.9487,0.0000,4.0491,0.5784,0.6765
5,3,879,881,3,2,2,0.4167,880.000,485.612,1018.239,8.6653,16.0000,1.1940,0.6569,4.6271,0.5461,0.2256,0.2283,0.8117,0.4177,4.3379,0.7230,0.7015
4,3,882,883,2,2,2,0.5000,882.719,591.193,1148.737,8.2416,16.0000,1.1228,0.7899,4.6269,0.0000,0.5625,0.4375,0.4459,0.5774,4.6268,0.7230,0.8070
24,8,886,891,6,4,4,0.2500,888.768,749.884,789.130,20.8337,24.0000,1.6317,1.6762,6.9390,0.8254,0.0703,0.1043,0.7149,0.3830,3.1806,0.8674,0.5779
6,3,898,901,4,2,2,0.3750,899.653,775.232,775.105,11.2101,23.0000,1.4526,0.4306,6.6479,0.6410,0.2138,0.1452,0.9804,0.0231,3.1795,0.8671,0.6316
3,3,905,907,3,1,1,1.0000,905.980,310.000,442.000,8.3422,19.0000,1.1400,0.0200,5.4907,0.8889,0.0000,0.1111,1.0000,0.0000,4.9129,0.5779,1.0000
5,3,907,909,3,1,2,0.8333,907.797,652.000,1260.532,10.2092,20.0000,1.2658,0.5689,5.7793,0.5854,0.2927,0.1220,0.9487,0.0000,5.2014,1.4448,0.6835
7,3,913,914,2,2,3,0.5833,913.447,758.489,766.138,10.2647,18.0000,1.3404,0.6925,5.2005,0.5352,0.1763,0.2885,0.5345,0.8125,3.4670,0.8667,0.5319
5,4,918,920,3,1,2,0.8333,918.802,732.000,1091.667,10.4638,21.0000,1.2963,0.3875,6.0660,0.5854,0.2927,0.1220,0.9487,0.0000,4.9105,1.2999,0.8519
5,3,920,922,3,1,2,0.8333,921.208,606.000,818.583,9.3004,16.0000,1.1111,0.4658,4.6214,0.5854,0.2927,0.1220,0.9487,0.0000,4.6213,1.7330,0.6389
10,3,922,925,4,2,2,0.6250,923.800,615.407,922.193,12.3297,16.0000,1.1852,1.2818,4.6208,0.7362,0.1243,0.1395,0.9842,0.0947,3.7545,0.8664,0.3481
4,3,927,929,3,2,1,0.6667,927.932,176.542,679.000,8.5189,16.0000,1.0847,1.0385,4.6206,0.7576,0.1294,0.1129,0.8507,0.0000,4.7648,1.7327,0.7966
9,4,930,933,4,2,2,0.5625,931.718,1005.564,896.274,11.2611,17.0000,1.3077,0.8833,4.9088,0.7345,0.0487,0.2169,0.9186,0.3944,3.1762,1.1550,0.5385
5,3,931,932,2,2,2,0.6250,931.377,409.623,983.855,8.9101,18.0000,1.3043,0.5522,5.1975,0.3432,0.2505,0.4063,0.6059,0.3645,4.0424,0.5775,0.6957
4,3,934,936,3,2,1,0.6667,934.983,397.783,698.000,8.6617,16.0000,1.0667,1.0069,4.6197,0.5357,0.3214,0.1429,1.0000,0.0000,4.1864,1.0105,0.7833
3,3,942,943,2,1,2,0.7500,942.667,484.000,805.667,7.5001,15.0000,1.0000,0.7454,4.3302,0.5333,0.2667,0.2000,0.7071,0.0000,4.6188,0.8660,1.0000
6,3,950,952,3,2,1,1.0000,951.085,432.488,810.000,9.6631,17.0000,1.2439,0.5193,4.9071,0.5556,0.3333,0.1111,1.0000,0.0000,4.3298,0.8660,0.5854
4,3,953,954,2,2,1,1.0000,953.541,278.475,484.000,8.8039,17.0000,1.1148,0.6971,4.9071,0.0000,0.7500,0.2500,1.0000,0.0000,4.9071,1.4433,0.8033
6,3,953,954,2,2,2,0.7500,953.464,362.667,786.429,9.8987,17.0000,1.2143,0.7144,4.9071,0.2667,0.1333,0.6000,0.7071,0.7071,4.1854,1.4433,0.5714
4,3,957,959,3,1,2,0.6667,957.885,478.000,998.180,8.8039,19.0000,1.2459,1.1292,5.4844,0.7500,0.1500,0.1000,0.9487,0.0000,5.0514,1.4433,0.8197
5,3,957,959,3,1,2,0.8333,957.811,687.000,406.405,9.5526,19.0000,1.2838,0.4474,5.4844,0.5854,0.2927,0.1220,0.9487,0.0000,4.7627,1.1546,0.6622
8,3,960,962,3,2,4,0.3333,961.440,645.890,1114.624,11.1241,18.0000,1.3211,0.8453,5.1959,0.3882,0.3977,0.2142,0.3571,0.1058,3.8969,0.5773,0.4679
7,3,963,965,3,2,2,0.5833,963.946,677.891,1027.457,10.0376,16.0000,1.2174,0.5569,4.6186,0.4600,0.2645,0.2756,1.0000,0.0000,4.0413,1.4433,0.5000
3,3,968,970,3,1,1,1.0000,968.981,512.000,705.000,8.8335,22.0000,1.2453,0.0189,6.3509,0.8889,0.0000,0.1111,1.0000,0.0000,5.4848,2.0208,1.0000
7,3,977,980,4,2,2,0.4375,978.485,254.660,910.887,10.5852,19.0000,1.3711,0.6028,5.4857,0.6625,0.1752,0.1623,0.9597,0.1934,3.7533,1.1549,0.5464
4,3,979,980,2,2,1,1.0000,979.446,428.446,389.000,8.0843,16.0000,1.1429,0.6313,4.6195,0.0000,0.7500,0.2500,1.0000,0.0000,4.0421,0.4331,0.8214
4,3,985,986,2,2,1,1.0000,985.508,294.540,586.000,9.0956,18.0000,1.1429,0.6738,5.1975,0.0000,0.7500,0.2500,1.0000,0.0000,4.7643,1.4438,0.7778
6,3,987,989,3,1,2,1.0000,988.084,589.000,985.494,9.7845,16.0000,1.1566,0.5011,4.6202,0.5556,0.3333,0.1111,1.0000,0.0000,3.7539,0.8663,0.5663
7,3,998,1001,4,2,2,0.4375,999.371,604.551,438.764,9.7144,15.0000,1.1798,0.7045,4.3318,0.6101,0.2508,0.1391,0.9354,0.2522,3.4654,0.8664,0.5056
6,3,999,1001,3,2,2,0.5000,999.792,589.662,542.727,9.0780,16.0000,1.2468,0.7458,4.6206,0.6381,0.1455,0.2164,0.8019,0.3768,4.0430,1.4439,0.5974
4,3,1003,1004,2,2,1,1.0000,1003.525,822.508,374.000,8.8080,16.0000,1.0492,0.6959,4.6206,0.0000,0.7500,0.2500,1.0000,0.0000,4.7650,1.1551,0.7705
5,3,1010,1012,3,1,2,0.8333,1011.042,286.000,909.352,9.1694,19.0000,1.3380,0.3546,5.4868,0.5854,0.2927,0.1220,0.9487,0.0000,4.0429,0.8663,0.7183
5,3,1014,1016,3,2,1,0.8333,1015.257,453.400,1030.000,9.0400,15.0000,1.0714,0.4755,4.3316,0.5854,0.2927,0.1220,0.9487,0.0000,4.6203,1.1551,0.6429
5,4,1028,1030,3,2,1,0.8333,1028.707,401.573,984.000,9.6842,18.0000,1.2000,0.5178,5.1970,0.5854,0.2927,0.1220,0.9487,0.0000,4.6197,1.2993,0.8667
4,3,1031,1033,3,1,2,0.6667,1032.000,919.000,918.190,8.3727,17.0000,1.1724,0.1897,4.9081,0.5357,0.3214,0.1429,1.0000,0.0000,4.9081,1.4436,0.8103
3,3,1033,1034,2,2,1,0.7500,1033.674,599.326,654.000,7.6675,16.0000,1.0435,0.4612,4.6193,0.5333,0.2667,0.2000,0.7071,0.0000,4.0419,0.8661,1.0000
5,3,1034,1035,2,2,2,0.6250,1034.456,626.853,856.412,8.7797,16.0000,1.1765,0.8147,4.6192,0.3432,0.2505,0.4063,0.6059,0.3645,4.0418,1.1548,0.6765
5,3,1036,1038,3,2,1,0.8333,1037.227,390.470,560.000,8.5211,16.0000,1.2121,0.5770,4.6191,0.5854,0.2927,0.1220,0.9487,0.0000,4.0417,1.0104,0.6970
3,3,1036,1038,3,1,1,1.0000,1036.982,395.000,974.000,9.1673,24.0000,1.3091,0.0182,6.9287,0.8889,0.0000,0.1111,1.0000,0.0000,5.1966,1.8765,1.0000
7,3,1044,1046,3,3,2,0.3889,1044.667,605.313,874.293,10.8017,20.0000,1.4141,0.5431,5.7734,0.5007,0.2532,0.2461,0.6828,0.3177,4.6188,1.2990,0.5152
4,3,1048,1049,2,2,2,0.5000,1048.738,503.820,599.459,8.8042,17.0000,1.1148,0.5586,4.9072,0.5916,0.1015,0.3069,0.5000,0.5000,4.4743,0.8660,0.8197
5,3,1050,1051,2,3,1,0.8333,1050.420,344.235,881.000,10.4564,23.0000,1.4198,0.4808,6.6391,0.5854,0.2927,0.1220,0.3162,0.0000,4.6185,1.2990,0.7037
4,3,1058,1059,2,2,1,1.0000,1058.450,238.450,905.000,8.6592,18.0000,1.2000,0.6364,5.1955,0.0000,0.7500,0.2500,1.0000,0.0000,4.6182,1.8761,0.8000
7,3,1058,1059,2,2,3,0.5833,1058.739,373.272,806.891,10.0367,17.0000,1.2935,0.9676,4.9068,0.6517,0.0773,0.2710,0.3251,0.7071,3.7523,0.8659,0.5217
7,3,1060,1062,3,2,2,0.5833,1061.170,921.523,486.227,9.6001,16.0000,1.2727,1.3019,4.6181,0.4600,0.2645,0.2756,0.8571,0.1000,3.4635,0.5773,0.5341
3,3,1071,1072,2,2,1,0.7500,1071.302,259.585,742.000,8.8305,22.0000,1.2453,0.6582,6.3489,0.5333,0.2667,0.2000,0.7071,0.0000,4.9058,1.2986,1.0000
3,3,1083,1084,2,2,1,0.7500,1083.326,869.326,469.000,7.6601,16.0000,1.0435,0.4612,4.6150,0.5333,0.2667,0.2000,0.7071,0.0000,4.3265,1.5864,1.0000
3,3,1085,1087,3,1,1,1.0000,1086.000,416.000,943.000,7.8251,17.0000,1.0851,0.0000,4.9023,0.8889,0.0000,0.1111,1.0000,0.0000,4.6143,1.0094,1.0000
3,3,1085,1087,3,1,1,1.0000,1086.000,691.000,984.000,7.6586,16.0000,1.0435,0.0000,4.6139,0.8889,0.0000,0.1111,1.0000,0.0000,4.0375,0.8653,1.0000
9,3,1090,1092,3,2,2,0.7500,1090.879,1042.427,807.540,11.9137,19.0000,1.3790,0.6392,5.4764,0.5117,0.1619,0.3264,0.9082,0.4082,3.4593,0.5767,0.4113
9,4,1092,1095,4,2,3,0.3750,1093.581,861.085,798.821,11.2375,17.0000,1.3077,0.4636,4.8982,0.6202,0.2366,0.1433,0.9908,0.0565,4.0332,1.8728,0.5299
4,3,1093,1094,2,1,2,1.0000,1093.524,535.000,557.587,9.0766,19.0000,1.2063,0.6669,5.4751,0.0000,0.7500,0.2500,0.0000,0.0000,4.4659,0.8645,0.8254
5,3,1100,1101,2,2,2,0.6250,1100.447,617.158,809.368,9.7833,19.0000,1.2500,0.6827,5.4685,0.3432,0.2505,0.4063,0.6059,0.3645,4.8929,1.7273,0.6711
5,3,1106,1107,2,2,2,0.6250,1106.443,494.157,770.600,9.0004,16.0000,1.1429,0.6171,4.6006,0.3432,0.2505,0.4063,0.6059,0.3645,4.0246,0.8626,0.6714
5,3,1109,1111,3,2,2,0.4167,1109.921,530.132,567.132,9.7642,21.0000,1.3816,0.9397,6.0343,0.7958,0.0325,0.1718,0.9294,0.3690,4.0211,0.8612,0.7368
7,3,1110,1112,3,1,3,0.7778,1110.990,920.000,533.269,11.2897,20.0000,1.3462,0.2694,5.7442,0.1247,0.7481,0.1273,1.0000,0.0000,3.7348,0.8620,0.5192
3,3,1118,1119,2,1,2,0.7500,1118.353,325.000,1147.294,8.4404,18.0000,1.0588,0.4594,5.1603,0.5333,0.2667,0.2000,0.7071,0.0000,5.4453,1.0035,1.0000
7,3,1118,1120,3,2,2,0.5833,1119.103,585.247,865.732,10.5072,20.0000,1.4433,0.3791,5.7320,0.6517,0.0773,0.2710,0.8881,0.0000,3.7259,0.8593,0.5258
4,3,1123,1125,3,1,2,0.6667,1123.627,515.000,668.271,8.4431,17.0000,1.1525,0.6832,4.8665,0.7500,0.1500,0.1000,0.9487,0.0000,4.7228,1.4307,0.8136
10,3,1127,1130,4,3,2,0.4167,1128.234,499.007,650.467,12.3816,19.0000,1.3869,0.5223,5.4305,0.4594,0.2290,0.3116,0.9358,0.0902,4.4310,2.0013,0.3942
3,3,1129,1130,2,1,2,0.7500,1129.694,474.000,753.306,8.0814,19.0000,1.1633,0.4329,5.4270,0.5333,0.2667,0.2000,0.7071,0.0000,4.8568,1.7142,1.0000
7,3,1133,1135,3,2,2,0.5833,1133.876,331.742,725.526,10.4587,19.0000,1.3711,1.0539,5.4217,0.4296,0.3471,0.2233,0.9305,0.2273,3.9937,1.4259,0.5258
6,3,1141,1142,2,2,2,0.7500,1141.333,515.750,935.476,9.7580,18.0000,1.2857,0.6327,5.1225,0.2000,0.3333,0.4667,0.7071,0.7071,4.5516,1.4223,0.5952
3,3,1142,1144,3,1,1,1.0000,1142.922,578.000,558.000,8.3739,19.0000,1.1176,0.9216,5.4052,0.8889,0.0000,0.1111,1.0000,0.0000,5.1190,1.1370,1.0000
8,3,1142,1145,4,3,2,0.3333,1143.529,788.250,897.192,10.4548,19.0000,1.4615,0.5670,5.4014,0.7031,0.0958,0.2011,0.8298,0.3657,3.5539,1.7050,0.4904
4,3,1145,1146,2,3,1,0.6667,1145.741,177.379,724.000,8.2393,17.0000,1.1724,0.6724,4.8295,0.7500,0.1500,0.1000,0.3162,0.0000,4.1200,0.5686,0.8276
7,3,1145,1148,4,2,2,0.4375,1146.702,440.564,779.106,10.0908,17.0000,1.2660,0.5388,4.8278,0.8235,0.0431,0.1334,0.9337,0.1681,4.2611,1.1361,0.5106
7,4,1149,1151,3,3,1,0.7778,1150.010,439.093,472.000,10.4009,16.0000,1.1546,0.0934,4.5391,0.6076,0.3038,0.0886,0.7071,0.0000,4.8240,1.4188,0.6495
23,10,1149,1152,4,5,5,0.2300,1150.507,965.609,400.451,19.8131,24.0000,1.6478,0.8439,6.8086,0.6257,0.2006,0.1736,0.3903,0.4640,3.6866,1.1340,0.5284
5,4,1151,1153,3,2,1,0.8333,1151.712,362.589,629.000,9.2561,17.0000,1.1644,0.5016,4.8194,0.5854,0.2927,0.1220,0.9487,0.0000,4.5374,1.4175,0.8630
9,3,1176,1179,4,3,2,0.3750,1177.312,536.256,630.560,11.7120,18.0000,1.2960,0.9233,5.0585,0.4485,0.2566,0.2949,0.8893,0.2627,4.2167,1.4051,0.5280
4,3,1176,1178,3,2,1,0.6667,1176.983,729.831,873.000,8.2929,18.0000,1.2203,0.1703,5.0601,0.5357,0.3214,0.1429,1.0000,0.0000,4.6382,1.2646,0.8305
5,3,1177,1179,3,1,2,0.8333,1177.838,451.000,970.689,9.3007,20.0000,1.3514,0.3506,5.6205,0.5854,0.2927,0.1220,0.9487,0.0000,4.4952,0.2810,0.6892
4,3,1221,1223,3,2,1,0.6667,1222.109,571.250,1015.000,8.9178,19.0000,1.1875,0.2729,5.2950,0.5357,0.3214,0.1429,1.0000,0.0000,4.4588,0.9753,0.8281
5,3,1275,1276,2,2,2,0.6250,1275.589,763.438,580.863,9.0889,17.0000,1.1644,0.6163,4.7328,0.3432,0.2505,0.4063,0.6059,0.3645,4.1760,0.8352,0.6712
4,3,1297,1298,2,1,2,1.0000,1297.477,366.000,586.492,9.0492,18.0000,1.1077,0.6854,5.0118,0.0000,0.7500,0.2500,0.0000,0.0000,5.0118,1.6706,0.7692
7,3,1300,1302,3,3,1,0.7778,1301.000,685.990,552.000,10.8398,22.0000,1.4951,0.0097,6.1257,0.6076,0.3038,0.0886,0.7071,0.0000,3.6197,1.1138,0.5631
9,3,1325,1327,3,3,2,0.5000,1325.638,925.724,876.810,10.7669,16.0000,1.2414,0.9835,4.4553,0.3237,0.4225,0.2539,0.1921,0.0699,3.6199,1.1138,0.4138
5,3,1334,1336,3,2,2,0.4167,1335.300,531.700,265.843,8.7167,17.0000,1.2143,0.4524,4.7336,0.6999,0.1281,0.1720,0.8684,0.1395,5.0120,1.5314,0.7000
6,3,1345,1347,3,2,2,0.5000,1346.060,114.667,560.131,9.5476,19.0000,1.3571,0.3630,5.2899,0.7074,0.0897,0.2030,0.9140,0.2540,4.1762,1.1137,0.6071
8,3,1387,1390,4,3,2,0.3333,1388.389,617.250,506.907,10.6197,17.0000,1.2593,0.4715,4.7281,0.5795,0.2802,0.1403,0.9516,0.1853,3.8938,0.5563,0.4630
9,3,1392,1395,4,2,4,0.2812,1393.948,679.191,394.957,10.6593,18.0000,1.4087,0.2030,5.0052,0.7754,0.0910,0.1336,0.7334,0.3146,3.6148,1.5293,0.4348
6,3,1400,1403,4,2,2,0.3750,1401.516,606.143,994.714,10.3277,21.0000,1.3846,0.6073,5.8380,0.8076,0.0500,0.1424,0.9217,0.3087,4.3089,1.6679,0.6374
6,3,1426,1429,4,2,2,0.3750,1427.527,501.286,583.121,10.3187,19.0000,1.2527,0.6119,5.2774,0.7351,0.1332,0.1317,0.9406,0.2762,5.1383,1.5277,0.5934
3,3,1447,1449,3,1,1,1.0000,1447.980,539.000,453.000,8.0144,17.0000,1.0200,0.9800,4.7197,0.8889,0.0000,0.1111,1.0000,0.0000,4.9973,1.3881,1.0000
23,9,1450,1453,4,3,4,0.4792,1452.026,406.959,755.857,19.7972,28.0000,1.8830,0.1513,7.7732,0.1864,0.4405,0.3731,0.4587,0.4814,3.6089,0.8328,0.5088
4,3,1488,1489,2,2,1,1.0000,1488.500,241.531,397.000,8.8854,18.0000,1.1250,0.6854,4.9981,0.0000,0.7500,0.2500,1.0000,0.0000,4.0262,0.4165,0.7812
4,3,1504,1506,3,1,2,0.6667,1505.045,653.000,536.545,9.1656,19.0000,1.1515,0.4568,5.2772,0.7576,0.1294,0.1129,0.8507,0.0000,4.1662,1.1110,0.7879
22,7,1512,1515,4,3,5,0.3667,1513.000,302.161,912.542,17.7081,20.0000,1.4716,0.4855,5.5557,0.4315,0.2347,0.3337,0.3076,0.3638,3.0557,0.8334,0.3980
5,3,1519,1520,2,2,2,0.6250,1519.451,975.620,366.859,8.8214,18.0000,1.2676,0.6063,5.0007,0.3432,0.2505,0.4063,0.6059,0.3645,5.0008,1.8058,0.7042
5,3,1534,1536,3,1,2,0.8333,1534.707,984.000,992.413,9.3205,18.0000,1.2000,0.5068,5.0019,0.5854,0.2927,0.1220,0.9487,0.0000,4.7240,0.5558,0.6667
7,3,1540,1542,3,2,2,0.5833,1541.172,543.697,464.798,10.3987,20.0000,1.4141,0.9048,5.5581,0.6517,0.0773,0.2710,0.8881,0.0000,3.6127,0.6948,0.5657
5,3,1545,1546,2,2,3,0.4167,1545.472,823.694,343.917,8.9486,17.0000,1.1806,1.1010,4.7245,0.7383,0.0485,0.2132,0.5000,0.7071,4.7245,1.6675,0.6944
5,3,1560,1561,2,1,4,0.6250,1560.611,600.000,114.667,8.9484,18.0000,1.2500,0.5122,5.0023,0.8532,0.0807,0.0661,0.3583,0.0000,4.7244,0.5558,0.6944
7,3,1577,1580,4,2,2,0.4375,1578.202,756.117,411.755,9.8713,17.0000,1.2660,1.2323,4.7234,0.8040,0.0402,0.1558,0.9650,0.0194,3.8899,1.5281,0.5213
3,3,1602,1603,2,1,2,0.7500,1602.320,558.000,200.660,8.0150,17.0000,1.0200,0.7335,4.7201,0.5333,0.2667,0.2000,0.7071,0.0000,4.4424,0.4165,1.0000
7,3,1603,1606,4,2,2,0.4375,1604.471,734.098,653.245,10.7031,21.0000,1.4412,0.5916,5.8300,0.8522,0.0413,0.1065,0.9646,0.1833,3.6093,1.3880,0.5294
6,3,1604,1605,2,3,2,0.5000,1604.333,594.218,973.885,9.8606,18.0000,1.2414,0.4147,4.9973,0.5230,0.1584,0.3185,0.3667,0.5079,4.4421,1.6657,0.5862
5,3,1612,1613,2,2,2,0.6250,1612.744,555.346,261.282,9.6810,20.0000,1.2821,0.8674,5.5508,0.3432,0.2505,0.4063,0.5155,0.8569,4.1629,1.2488,0.7179
8,3,1641,1644,4,3,2,0.3333,1642.962,666.887,733.406,10.3871,18.0000,1.3585,0.4228,4.9889,0.8448,0.0315,0.1237,0.8617,0.2205,3.8803,1.3858,0.4811
6,3,1645,1647,3,2,2,0.5000,1646.193,608.566,444.880,9.3904,20.0000,1.4458,0.6102,5.5426,0.5230,0.1584,0.3185,0.9225,0.0898,3.3255,1.3857,0.6386
3,3,1668,1670,3,1,1,1.0000,1669.000,592.000,429.000,8.3149,20.0000,1.1538,0.0000,5.5392,0.8889,0.0000,0.1111,1.0000,0.0000,4.7084,0.8309,1.0000
7,3,1671,1674,4,2,2,0.4375,1672.688,732.710,406.129,9.7348,17.0000,1.2796,0.4452,4.7080,0.8040,0.0402,0.1558,0.9650,0.0194,3.0464,1.1078,0.5269
5,3,1680,1681,2,1,3,0.8333,1680.447,591.000,581.763,9.4120,18.0000,1.1842,0.6012,4.9845,0.5854,0.2927,0.1220,0.3162,0.0000,4.7076,1.5231,0.6579
4,3,1690,1693,4,1,1,1.0000,1691.627,850.000,330.000,8.1690,16.0000,1.0847,0.6271,4.4306,0.9375,0.0000,0.0625,1.0000,0.0000,4.7075,0.9692,0.8136
4,3,1691,1694,4,1,1,1.0000,1692.469,678.000,409.000,8.8613,17.0000,1.0625,0.4688,4.7075,0.9375,0.0000,0.0625,1.0000,0.0000,4.1537,0.8307,0.7656
4,3,1703,1705,3,1,2,0.6667,1704.047,960.000,516.531,8.8622,17.0000,1.0625,0.4711,4.7081,0.7576,0.1294,0.1129,0.8507,0.0000,4.1542,0.8309,0.7812
4,3,1705,1706,2,2,2,0.5000,1705.787,821.738,433.525,8.4470,16.0000,1.0492,0.9031,4.4312,0.5916,0.1015,0.3069,0.5000,0.5000,4.7082,1.6617,0.7869
6,3,1713,1715,3,2,1,1.0000,1713.884,499.488,852.000,9.7251,17.0000,1.1860,0.5020,4.7089,0.5556,0.3333,0.1111,1.0000,0.0000,4.5703,0.8309,0.5814
5,3,1789,1791,3,1,2,0.8333,1789.684,837.000,299.367,9.8208,21.0000,1.3291,0.4847,5.8377,0.5854,0.2927,0.1220,0.9487,0.0000,5.0029,1.1120,0.7089
6,3,1798,1799,2,2,3,0.5000,1798.330,866.705,482.943,10.0019,17.0000,1.1591,1.0419,4.7325,0.1333,0.2667,0.6000,0.0000,0.7071,4.5942,1.6704,0.5682
6,3,1806,1808,3,2,2,0.5000,1806.600,877.859,566.541,9.6805,18.0000,1.2706,0.7684,5.0206,0.6373,0.1269,0.2358,0.8795,0.0724,4.1848,1.3946,0.5882
5,3,1809,1811,3,1,2,0.8333,1810.263,901.000,823.408,9.4917,17.0000,1.1184,0.4854,4.7471,0.5854,0.2927,0.1220,0.9487,0.0000,4.1901,0.5588,0.6447
5,4,1828,1830,3,2,2,0.4167,1829.366,754.768,259.695,10.3113,21.0000,1.2805,0.7408,5.9063,0.7729,0.0435,0.1836,0.8328,0.5477,5.3419,2.1088,0.8780
4,3,1832,1834,3,1,2,0.6667,1833.071,554.000,811.464,7.8849,15.0000,1.0714,0.4697,4.2256,0.7576,0.1294,0.1129,0.8507,0.0000,4.7869,1.4080,0.8036
7,3,1833,1835,3,2,3,0.3889,1833.990,919.698,450.646,10.2217,17.0000,1.2396,1.1125,4.7910,0.7140,0.0858,0.2003,0.7585,0.3162,4.2249,1.6889,0.5104
5,3,1837,1839,3,1,2,0.8333,1837.757,853.000,101.486,8.8326,18.0000,1.2857,0.5687,5.0792,0.5854,0.2927,0.1220,0.9487,0.0000,4.5150,1.2694,0.7000
3,3,1860,1862,3,1,1,1.0000,1861.000,823.000,404.000,8.0601,17.0000,1.0408,0.0000,4.8434,0.8889,0.0000,0.1111,1.0000,0.0000,4.2753,0.2847,1.0000
3,3,1864,1866,3,1,1,1.0000,1865.000,843.000,921.000,8.0733,17.0000,1.0408,0.0000,4.8514,0.8889,0.0000,0.1111,1.0000,0.0000,4.2826,1.1427,1.0000
6,3,1868,1870,3,2,2,0.5000,1868.628,918.116,488.686,10.0341,20.0000,1.3953,0.5005,5.7168,0.5034,0.2551,0.2415,0.9677,0.2521,4.1437,1.4294,0.6163
6,3,1878,1879,2,2,2,0.7500,1878.556,854.667,520.704,9.4872,16.0000,1.1852,0.8543,4.5912,0.2000,0.3333,0.4667,0.0000,0.0000,3.8731,0.8606,0.5679
7,3,1878,1880,3,2,3,0.3889,1879.065,965.239,928.228,9.9782,17.0000,1.2935,0.3370,4.8781,0.4888,0.1571,0.3542,0.7058,0.4587,2.8704,1.0046,0.5326
7,3,1882,1885,4,2,3,0.2917,1883.284,757.755,548.647,11.0798,18.0000,1.2353,0.7481,5.1726,0.6153,0.2563,0.1284,0.7859,0.1866,4.5979,1.4367,0.6373
4,3,1882,1884,3,1,2,0.6667,1882.803,760.000,933.180,8.7641,19.0000,1.2459,0.2669,5.4600,0.7500,0.1500,0.1000,0.9487,0.0000,4.7416,1.7235,0.8197
5,3,1885,1886,2,2,2,0.6250,1885.538,591.154,296.385,8.3609,15.0000,1.1538,0.6794,4.3150,0.3432,0.2505,0.4063,0.6059,0.3645,4.6013,1.4379,0.6923
14,7,1897,1899,3,3,4,0.3889,1897.683,165.817,789.337,16.0509,20.0000,1.3462,0.4973,5.7752,0.2202,0.3546,0.4251,0.4474,0.5917,4.0427,1.1552,0.5962
4,3,1899,1900,2,2,2,0.5000,1899.448,640.810,241.707,8.3775,17.0000,1.1724,0.8583,4.9103,0.5916,0.1015,0.3069,0.7071,0.7071,4.0444,1.0111,0.8103
8,3,1901,1903,3,3,3,0.2963,1901.773,830.526,512.062,9.9132,16.0000,1.3196,1.3245,4.6240,0.6045,0.1627,0.2328,0.7728,0.5475,2.7461,1.0120,0.4742
3,3,1901,1902,2,1,2,0.7500,1901.308,909.000,463.308,8.6772,20.0000,1.1538,0.4351,5.7800,0.5333,0.2667,0.2000,0.7071,0.0000,4.3363,0.8672,1.0000
4,3,1903,1904,2,2,2,0.5000,1903.737,863.702,523.825,8.2424,17.0000,1.1930,0.7697,4.9168,0.0000,0.5625,0.4375,0.4459,0.5774,3.7595,0.7230,0.8246
4,4,1923,1924,2,1,2,1.0000,1923.470,546.000,531.470,9.5828,19.0000,1.1515,0.6643,5.5169,0.0000,0.7500,0.2500,0.0000,0.0000,5.2268,1.7425,1.0000
4,3,1927,1928,2,2,1,1.0000,1927.458,1065.559,561.000,8.5720,17.0000,1.1525,0.6353,4.9395,0.0000,0.7500,0.2500,1.0000,0.0000,5.0850,1.5981,0.8136
5,3,1928,1930,3,1,2,0.8333,1929.229,463.000,292.600,9.0990,17.0000,1.2143,0.6421,4.9410,0.5854,0.2927,0.1220,0.9487,0.0000,4.9416,1.3082,0.7000
5,4,1931,1933,3,2,1,0.8333,1931.787,836.587,650.000,9.7528,16.0000,1.0667,0.6243,4.6525,0.5854,0.2927,0.1220,0.9487,0.0000,4.7971,1.3086,0.8133
4,3,1931,1932,2,2,1,1.0000,1931.466,1315.448,682.000,8.4320,16.0000,1.1034,0.6463,4.6525,0.0000,0.7500,0.2500,1.0000,0.0000,4.7971,0.8723,0.8103
4,3,1939,1941,3,1,2,0.6667,1940.190,736.000,515.828,8.4426,17.0000,1.1724,0.2563,4.9490,0.7500,0.1500,0.1000,0.9487,0.0000,5.0945,1.8922,0.8276
4,3,1958,1959,2,1,2,1.0000,1958.474,1087.000,797.544,8.3180,16.0000,1.1228,0.6965,4.6701,0.0000,0.7500,0.2500,0.0000,0.0000,4.6695,1.4593,0.8070
7,3,1960,1963,4,2,2,0.4375,1961.439,324.112,663.398,10.8149,19.0000,1.3571,0.6971,5.5480,0.6625,0.1752,0.1623,0.9597,0.1934,3.5040,1.0218,0.5306
3,3,1964,1965,2,2,1,0.7500,1964.674,747.348,405.000,7.7577,16.0000,1.0435,0.7292,4.6739,0.5333,0.2667,0.2000,0.7071,0.0000,4.3817,1.7525,1.0000
8,3,1965,1968,4,2,3,0.3333,1966.550,604.495,432.973,11.4663,17.0000,1.2252,0.7404,4.9673,0.6594,0.1485,0.1922,0.8863,0.2185,4.3831,2.1911,0.4595
5,3,1976,1977,2,2,2,0.6250,1976.438,708.863,558.397,9.5511,19.0000,1.3014,0.7014,5.5590,0.3432,0.2505,0.4063,0.6059,0.3645,4.6806,0.8776,0.6849
4,3,1978,1979,2,2,1,1.0000,1978.410,1075.574,721.000,8.9253,20.0000,1.3115,0.5913,5.8524,0.0000,0.7500,0.2500,1.0000,0.0000,4.2432,0.7318,0.8361
4,3,1982,1983,2,2,1,1.0000,1982.484,1027.438,747.000,9.3690,18.0000,1.1250,0.6527,5.2704,0.0000,0.7500,0.2500,1.0000,0.0000,4.5378,1.1711,0.7969
4,3,1989,1990,2,1,2,1.0000,1989.545,915.000,599.455,8.0582,15.0000,1.0909,0.7100,4.3956,0.0000,0.7500,0.2500,0.0000,0.0000,4.1024,1.0257,0.8182
4,3,1994,1997,4,1,1,1.0000,1995.351,1178.000,397.000,8.3565,17.0000,1.1930,0.3509,4.9844,0.9375,0.0000,0.0625,1.0000,0.0000,4.8378,0.8796,0.8246
6,3,2008,2010,3,2,2,0.5000,2009.151,889.872,357.570,10.3076,19.0000,1.3256,0.4736,5.5780,0.3810,0.3333,0.2857,0.9487,0.1690,4.4038,1.4680,0.5698
5,3,2012,2014,3,1,2,0.8333,2012.697,772.000,207.606,8.6678,15.0000,1.1364,0.9236,4.4051,0.5854,0.2927,0.1220,0.9487,0.0000,4.6984,1.1746,0.6818
5,3,2013,2015,3,1,2,0.8333,2014.254,538.000,548.366,9.3255,16.0000,1.1268,0.4454,4.6994,0.5854,0.2927,0.1220,0.9487,0.0000,4.1120,1.1747,0.6620
5,3,2013,2015,3,2,2,0.4167,2014.028,760.155,501.155,9.3254,18.0000,1.2676,0.9962,5.2868,0.7958,0.0325,0.1718,0.9294,0.3690,4.1117,0.8812,0.6901
4,3,2020,2022,3,2,1,0.6667,2020.952,837.532,269.000,9.1087,18.0000,1.1613,0.4702,5.2890,0.7576,0.1294,0.1129,0.8507,0.0000,5.2887,1.7627,0.8065
6,3,2028,2030,3,1,3,0.6667,2028.667,563.000,294.774,10.0808,19.0000,1.3571,0.8426,5.5854,0.2083,0.6667,0.1250,0.8944,0.0000,4.2623,1.3227,0.5833
5,3,2029,2031,3,2,2,0.4167,2029.910,851.851,385.537,8.8087,16.0000,1.1940,0.5648,4.7037,0.7729,0.0435,0.1836,0.8328,0.5477,4.9977,1.4699,0.6866
4,3,2029,2031,3,1,2,0.6667,2030.211,1060.000,851.807,8.3786,16.0000,1.1228,0.8127,4.7040,0.7500,0.1500,0.1000,0.9487,0.0000,4.1157,0.5880,0.8070
10,3,2043,2045,3,2,3,0.5556,2044.062,381.523,591.285,12.0936,15.0000,1.1538,1.1981,4.4127,0.2676,0.3433,0.3891,0.8539,0.4134,4.4127,1.4709,0.3462
4,3,2055,2056,2,1,3,0.6667,2055.268,904.000,576.339,8.2406,15.0000,1.0714,0.4323,4.4147,0.7500,0.1500,0.1000,0.3162,0.0000,4.7089,1.1772,0.8036
5,3,2060,2062,3,1,2,0.8333,2060.725,373.000,715.609,9.0834,16.0000,1.1594,0.4785,4.7099,0.5854,0.2927,0.1220,0.9487,0.0000,4.7097,1.4718,0.6667
6,3,2062,2064,3,3,2,0.3333,2063.207,837.000,546.329,9.8551,18.0000,1.3171,0.8583,5.2992,0.4899,0.3164,0.1936,0.8165,0.5506,4.2686,1.6191,0.5854
3,3,2080,2082,3,1,1,1.0000,2081.021,1177.000,472.000,7.9927,16.0000,1.0213,0.0213,4.7129,0.8889,0.0000,0.1111,1.0000,0.0000,4.4182,-0.0000,1.0000
7,3,2089,2091,3,1,4,0.5833,2089.845,601.000,523.866,10.8013,18.0000,1.2990,0.8559,5.3030,0.7644,0.1796,0.0560,0.6120,0.0000,4.1245,1.1784,0.5258
8,5,2091,2093,3,2,2,0.6667,2091.939,948.409,636.478,11.9793,17.0000,1.1826,0.7629,5.0087,0.4236,0.2081,0.3683,0.9220,0.2899,5.0087,1.4732,0.6957
27,16,2093,2095,3,6,3,0.5000,2093.773,663.470,437.849,25.4602,30.0000,1.8040,0.5963,8.8394,0.6626,0.0955,0.2420,0.3050,0.9242,4.2724,1.3259,0.7261
5,3,2093,2095,3,1,2,0.8333,2093.773,888.000,295.360,9.8826,20.0000,1.3333,0.4254,5.8929,0.5854,0.2927,0.1220,0.9487,0.0000,4.1249,1.3259,0.6667
7,3,2100,2102,3,2,3,0.3889,2100.629,862.887,709.670,10.8041,19.0000,1.3711,0.7191,5.5991,0.6188,0.1635,0.2176,0.6691,0.0458,4.7151,1.4735,0.5155
7,3,2111,2113,3,2,2,0.5833,2112.096,989.691,481.213,10.4727,18.0000,1.3404,0.3868,5.3058,0.6517,0.0773,0.2710,0.8881,0.0000,3.8320,1.1790,0.5532
6,3,2120,2122,3,2,2,0.5000,2121.427,649.463,646.146,9.8697,18.0000,1.3171,0.7515,5.3069,0.6373,0.1269,0.2358,0.8795,0.0724,4.2750,1.7689,0.5976
4,3,2151,2152,2,2,1,1.0000,2151.500,1110.483,848.000,8.8514,16.0000,1.0667,0.6954,4.7208,0.0000,0.7500,0.2500,1.0000,0.0000,5.0157,1.0326,0.7667
9,3,2164,2166,3,2,2,0.7500,2165.133,449.699,804.540,11.1179,16.0000,1.2743,0.6321,4.7226,0.4875,0.0908,0.4217,0.9594,0.1156,3.5421,1.1807,0.4159
4,3,2165,2167,3,2,1,0.6667,2166.159,1008.825,504.000,9.2980,18.0000,1.1429,1.1718,5.3130,0.7500,0.1500,0.1000,0.9487,0.0000,5.3132,1.4758,0.8254
4,3,2169,2170,2,2,1,1.0000,2169.456,1024.439,844.000,8.4133,16.0000,1.1228,0.6328,4.7234,0.0000,0.7500,0.2500,1.0000,0.0000,5.1660,1.4760,0.8246
7,3,2180,2182,3,2,2,0.5833,2181.237,563.430,794.720,10.3798,15.0000,1.1290,1.3900,4.4295,0.4600,0.2645,0.2756,0.8571,0.1000,4.7246,0.8859,0.6452
5,3,2184,2185,2,2,2,0.6250,2184.544,963.382,497.853,8.9806,16.0000,1.1765,0.6811,4.7250,0.3432,0.2505,0.4063,0.6059,0.3645,4.7249,0.7383,0.6912
4,3,2218,2220,3,1,2,0.6667,2218.643,975.000,404.268,8.2663,16.0000,1.1429,0.4464,4.7236,0.7500,0.1500,0.1000,0.9487,0.0000,4.4284,1.3285,0.8214
6,3,2227,2229,3,1,2,1.0000,2227.937,888.000,541.443,9.5194,19.0000,1.4430,0.4475,5.6080,0.5556,0.3333,0.1111,1.0000,0.0000,3.9847,0.4428,0.6203
7,3,2245,2247,3,2,3,0.3889,2245.828,647.241,872.931,9.7060,16.0000,1.2874,0.3045,4.7227,0.6073,0.1114,0.2813,0.6577,0.4470,2.9517,0.8855,0.5287
3,3,2248,2249,2,2,1,0.7500,2248.674,927.326,358.000,7.8399,16.0000,1.0435,0.4612,4.7232,0.5333,0.2667,0.2000,0.7071,0.0000,4.1328,1.1808,1.0000
5,3,2259,2261,3,1,2,0.8333,2260.143,848.000,569.686,9.2474,18.0000,1.2857,0.3452,5.3171,0.5854,0.2927,0.1220,0.9487,0.0000,4.7260,1.7724,0.6857
4,3,2267,2268,2,3,1,0.6667,2267.259,1001.931,586.000,8.5718,17.0000,1.1724,0.2677,5.0247,0.5357,0.3214,0.1429,0.0000,0.0000,4.7294,2.0690,0.8103
4,3,2277,2280,4,1,1,1.0000,2278.364,937.000,520.000,8.1375,15.0000,1.0909,1.3636,4.4389,0.9375,0.0000,0.0625,1.0000,0.0000,4.7342,1.6275,0.8182
6,3,2280,2282,3,2,3,0.3333,2281.200,968.138,818.625,9.6671,16.0000,1.2000,1.0245,4.7362,0.6494,0.1645,0.1861,0.6429,0.3155,3.9958,0.8879,0.5750
7,3,2283,2286,4,2,2,0.4375,2284.284,959.114,478.295,9.8479,16.0000,1.2727,0.4253,4.7372,0.7558,0.1056,0.1386,0.9795,0.1648,3.5532,1.4803,0.5227
27,3,2287,2290,4,6,5,0.2250,2288.834,237.949,1114.275,18.8685,19.0000,1.5498,1.9757,5.6279,0.6879,0.1168,0.1954,0.0285,0.8927,2.6662,1.1845,0.2024
7,3,2287,2290,4,2,2,0.4375,2288.022,557.708,907.382,9.9632,15.0000,1.1798,1.3009,4.4427,0.7737,0.1251,0.1012,0.9494,0.3132,4.1469,0.8885,0.5056
10,6,2288,2290,3,3,2,0.5556,2288.800,808.159,204.552,13.5818,20.0000,1.3793,0.5159,5.9242,0.2418,0.3396,0.4186,0.9733,0.0557,4.7396,1.1846,0.6828
4,3,2290,2291,2,2,1,1.0000,2290.541,1183.492,426.000,9.0355,17.0000,1.1148,0.6848,5.0364,0.0000,0.7500,0.2500,1.0000,0.0000,4.8880,1.3330,0.7869
24,8,2292,2295,4,4,6,0.2500,2293.373,434.892,1266.545,20.7461,23.0000,1.6093,1.1101,6.8150,0.6465,0.2105,0.1430,0.5734,0.8192,4.4448,2.0743,0.4840
5,3,2296,2297,2,3,1,0.8333,2296.552,903.209,907.000,8.8804,16.0000,1.1940,0.4941,4.7422,0.5854,0.2927,0.1220,0.3162,0.0000,4.7419,1.4817,0.6866
4,3,2297,2298,2,1,3,0.6667,2297.456,909.000,712.895,8.4472,16.0000,1.1228,1.0043,4.7425,0.7576,0.1294,0.1129,0.5257,0.0000,4.8904,1.7783,0.8246
4,3,2333,2334,2,2,2,0.5000,2333.475,622.203,367.271,8.7456,16.0000,1.0847,0.8932,4.7434,0.5916,0.1015,0.3069,0.7071,0.7071,4.8916,1.7786,0.7966
33,17,2350,2354,5,4,5,0.3300,2352.194,205.073,797.059,28.0995,38.0000,2.3009,0.2160,11.2551,0.3294,0.2019,0.4687,0.8613,0.3602,4.4427,0.8886,0.6624
4,3,2376,2378,3,1,2,0.6667,2377.105,638.000,882.439,8.4274,16.0000,1.1228,0.4511,4.7312,0.7576,0.1294,0.1129,0.8507,0.0000,4.2875,0.7393,0.8246
6,3,2398,2401,4,2,2,0.3750,2399.500,713.817,904.695,9.8877,17.0000,1.2439,0.6135,5.0213,0.8076,0.0500,0.1424,0.9217,0.3087,4.5781,1.1815,0.5732
4,3,2429,2430,2,2,2,0.5000,2429.732,658.732,523.804,8.2681,15.0000,1.0714,0.8040,4.4294,0.0000,0.5625,0.4375,0.4459,0.5774,4.7246,1.3288,0.8036
6,3,2440,2441,2,3,2,0.5000,2440.690,943.798,854.500,10.1278,18.0000,1.2857,0.6219,5.3160,0.5795,0.2234,0.1971,0.2134,0.3849,3.9870,1.3290,0.5714
5,3,2453,2455,3,2,2,0.4167,2454.455,981.379,785.152,8.7191,16.0000,1.2121,0.6108,4.7264,0.6999,0.1281,0.1720,0.8684,0.1395,4.7265,0.8862,0.6970
3,3,2468,2469,2,2,1,0.7500,2468.681,980.660,796.000,8.0179,16.0000,1.0213,0.7327,4.7277,0.5333,0.2667,0.2000,0.7071,0.0000,5.0231,1.6252,1.0000
10,5,2476,2478,3,3,2,0.5556,2476.869,923.978,666.409,12.8029,17.0000,1.2409,0.6061,5.0238,0.3577,0.3565,0.2858,0.4007,0.0130,4.4327,1.1821,0.5766
9,3,2498,2501,4,2,3,0.3750,2499.052,933.198,993.983,11.4311,17.0000,1.3190,0.9689,5.0258,0.4163,0.3610,0.2227,1.0000,0.0000,4.1388,1.4782,0.4224
7,3,2519,2522,4,2,2,0.4375,2520.054,982.333,795.860,10.3948,16.0000,1.2043,0.3654,4.7316,0.7514,0.0882,0.1604,0.9757,0.1283,4.1401,0.8872,0.5054
19,3,2525,2528,4,4,5,0.2375,2526.761,672.923,1225.996,16.7586,20.0000,1.5385,1.0271,5.9149,0.3306,0.4391,0.2303,0.4634,0.8181,3.2532,1.1830,0.3401
6,3,2526,2527,2,2,3,0.5000,2526.325,530.735,965.265,10.0212,18.0000,1.3012,0.8463,5.3234,0.4074,0.2455,0.3471,0.3304,0.7250,3.6968,0.8872,0.6024
4,3,2530,2532,3,1,2,0.6667,2531.172,895.000,883.828,8.5770,16.0000,1.1034,1.1850,4.7322,0.7500,0.1500,0.1000,0.9487,0.0000,5.0279,1.7745,0.8276
19,9,2533,2536,4,4,4,0.2969,2534.405,771.595,312.451,17.4383,19.0000,1.4047,0.8496,5.6196,0.2459,0.2433,0.5108,0.1145,0.6581,3.8450,1.1830,0.5837
3,3,2535,2536,2,2,1,0.7500,2535.333,1233.354,920.000,8.1966,17.0000,1.0625,0.7268,5.0280,0.5333,0.2667,0.2000,0.7071,0.0000,4.1408,0.2958,1.0000
14,5,2542,2544,3,3,3,0.5185,2543.172,398.104,518.208,15.1776,22.0000,1.6042,0.2895,6.5071,0.2503,0.3582,0.3915,0.7785,0.4864,3.5493,1.1831,0.4531
3,3,2546,2547,2,1,2,0.7500,2546.326,851.000,578.674,7.8554,16.0000,1.0435,0.4612,4.7325,0.5333,0.2667,0.2000,0.7071,0.0000,4.7325,1.3310,1.0000
8,3,2556,2559,4,3,2,0.3333,2557.467,1104.262,547.093,11.1891,19.0000,1.4206,0.5437,5.6197,0.4602,0.3300,0.2098,0.9382,0.0841,3.5492,0.8873,0.5140
6,3,2565,2567,3,1,2,1.0000,2565.819,803.000,1241.530,10.0214,18.0000,1.3012,0.9445,5.3236,0.5556,0.3333,0.1111,1.0000,0.0000,4.4363,1.1830,0.6145
8,3,2570,2573,4,2,2,0.5000,2571.367,1168.459,527.684,10.2466,16.0000,1.3061,0.6677,4.7317,0.7197,0.0792,0.2011,0.8818,0.4381,2.5138,1.0351,0.4796
4,3,2572,2573,2,2,2,0.5000,2572.268,820.286,737.821,8.2804,16.0000,1.1429,0.7835,4.7317,0.0000,0.5625,0.4375,0.4459,0.5774,4.7317,1.4786,0.8214
5,3,2590,2592,3,2,1,0.8333,2590.725,781.551,932.000,9.1234,16.0000,1.1594,0.9102,4.7306,0.5854,0.2927,0.1220,0.9487,0.0000,4.7306,1.4783,0.6667
7,3,2597,2598,2,3,2,0.5833,2597.271,1110.812,965.750,10.7271,18.0000,1.3125,0.4135,5.3215,0.3772,0.3083,0.3146,0.1545,0.6900,4.4346,1.4782,0.5312
3,3,2602,2604,3,1,1,1.0000,2602.978,872.000,914.000,7.8511,16.0000,1.0435,0.9783,4.7300,0.8889,0.0000,0.1111,1.0000,0.0000,4.8777,1.4781,1.0000
3,3,2605,2606,2,2,1,0.7500,2605.667,767.706,874.000,8.7043,19.0000,1.1176,0.4445,5.6166,0.5333,0.2667,0.2000,0.7071,0.0000,5.3211,1.7737,1.0000
6,3,2609,2611,3,2,2,0.5000,2609.863,1279.338,836.663,9.6543,16.0000,1.2000,0.7561,4.7296,0.6381,0.1455,0.2164,0.8019,0.3768,4.1384,1.7736,0.5875
8,3,2622,2624,3,3,1,0.8889,2623.123,694.934,531.000,11.0772,16.0000,1.2075,0.1393,4.7292,0.3375,0.5625,0.1000,0.7071,0.0000,4.1381,1.4779,0.4340
6,3,2629,2632,4,2,2,0.3750,2630.463,848.122,635.293,9.8944,17.0000,1.2439,0.5615,5.0246,0.8076,0.0500,0.1424,0.9217,0.3087,4.4335,1.1822,0.5854
4,3,2632,2633,2,1,2,1.0000,2632.466,582.000,913.517,8.5713,16.0000,1.1034,0.6959,4.7290,0.0000,0.7500,0.2500,0.0000,0.0000,4.7290,1.4778,0.7931
5,3,2653,2655,3,2,1,0.8333,2653.899,1050.391,761.000,9.1190,17.0000,1.2319,0.4042,5.0238,0.5854,0.2927,0.1220,0.9487,0.0000,4.1372,0.8866,0.6812
8,3,2659,2661,3,3,2,0.4444,2659.639,1092.139,642.241,11.2833,18.0000,1.3333,0.6967,5.3190,0.2701,0.2819,0.4480,0.9364,0.0779,3.1028,0.8865,0.4722
5,3,2691,2693,3,2,1,0.8333,2691.852,555.272,805.000,10.6984,20.0000,1.2346,0.8941,5.9069,0.5854,0.2927,0.1220,0.9487,0.0000,5.9067,1.4767,0.7284
6,4,2694,2696,3,3,1,0.6667,2694.957,833.772,926.000,11.0916,18.0000,1.1739,0.7730,5.3156,0.6944,0.2222,0.0833,0.8000,0.0000,4.8727,1.7719,0.7065
4,3,2699,2700,2,2,2,0.5000,2699.268,702.804,815.268,8.2677,15.0000,1.0714,0.4267,4.4292,0.0000,0.5625,0.4375,0.4459,0.5774,5.0196,1.7716,0.8036
8,3,2714,2716,3,2,2,0.6667,2714.814,683.490,871.471,10.6423,16.0000,1.2549,0.7046,4.7217,0.4685,0.1696,0.3619,0.8569,0.5155,4.5740,1.7706,0.4510
3,3,2718,2720,3,1,1,1.0000,2718.960,859.000,993.000,8.5176,18.0000,1.0800,0.0400,5.3110,0.8889,0.0000,0.1111,1.0000,0.0000,5.6063,0.8852,1.0000
4,3,2735,2738,4,1,1,1.0000,2736.368,850.000,1023.000,8.4035,16.0000,1.1228,0.3684,4.7178,0.9375,0.0000,0.0625,1.0000,0.0000,4.8652,1.4743,0.8246
4,3,2738,2739,2,1,2,1.0000,2738.492,625.000,1134.476,9.2874,18.0000,1.1429,0.6848,5.3072,0.0000,0.7500,0.2500,0.0000,0.0000,5.1596,1.7690,0.7778
4,3,2743,2745,3,2,1,0.6667,2743.817,957.217,1084.000,8.8438,17.0000,1.1333,1.2030,5.0113,0.7500,0.1500,0.1000,0.9487,0.0000,4.1271,0.8844,0.7833
6,3,2758,2761,4,2,2,0.3750,2759.329,701.882,926.153,10.2273,19.0000,1.3412,0.3818,5.5998,0.8087,0.0589,0.1324,0.9827,0.1690,4.7156,1.6210,0.6118
4,3,2770,2771,2,1,2,1.0000,2770.433,612.000,789.433,8.8420,19.0000,1.2667,0.6128,5.5999,0.0000,0.7500,0.2500,0.0000,0.0000,4.7157,0.8842,0.8167
12,8,2774,2776,3,4,3,0.3333,2775.332,1081.109,409.472,16.4219,23.0000,1.4301,0.5866,6.7793,0.6066,0.1080,0.2854,0.3656,0.6703,4.4213,1.1790,0.7617
6,3,2777,2778,2,2,3,0.5000,2777.662,865.130,1033.325,9.2659,16.0000,1.2468,0.7490,4.7163,0.5034,0.2551,0.2415,0.1128,0.4328,3.3898,0.8843,0.6104
6,3,2781,2783,3,2,2,0.5000,2781.894,775.118,911.341,10.2296,19.0000,1.3412,0.3761,5.6010,0.5230,0.1584,0.3185,0.9225,0.0898,4.2745,1.7687,0.6000
4,3,2786,2787,2,2,1,1.0000,2786.446,767.554,1053.000,8.2551,16.0000,1.1429,0.6313,4.7172,0.0000,0.7500,0.2500,1.0000,0.0000,4.1276,0.4422,0.8214
5,3,2828,2830,3,1,3,0.5556,2829.153,694.000,1212.000,9.5121,20.0000,1.3889,0.1528,5.9082,0.5532,0.3398,0.1070,0.8281,0.0000,4.7263,1.0339,0.6944
6,3,2833,2834,2,2,3,0.5000,2833.699,783.639,1134.133,10.0119,15.0000,1.0843,1.3346,4.4321,0.6381,0.1455,0.2164,0.3327,0.3629,3.8411,0.5910,0.5422
9,5,2850,2852,3,2,2,0.7500,2850.977,675.383,974.758,12.6111,18.0000,1.2656,1.1804,5.3203,0.4444,0.2963,0.2593,1.0000,0.0000,5.0247,1.3301,0.6562
5,3,2876,2877,2,2,2,0.6250,2876.615,850.154,960.462,8.5860,15.0000,1.1538,0.8321,4.4306,0.3432,0.2505,0.4063,0.6059,0.3645,4.7258,1.1814,0.6923
4,3,2877,2879,3,2,1,0.6667,2877.948,707.534,612.000,8.5652,16.0000,1.1034,0.4684,4.7256,0.7576,0.1294,0.1129,0.8507,0.0000,4.4304,0.8860,0.7931
4,3,2877,2879,3,1,2,0.6667,2877.678,711.000,967.254,8.7130,18.0000,1.2203,0.4103,5.3163,0.7500,0.1500,0.1000,0.9487,0.0000,4.7258,1.4768,0.8136
5,3,2883,2885,3,1,2,0.8333,2883.851,777.000,1066.311,9.7721,21.0000,1.4189,0.3445,6.2010,0.5854,0.2927,0.1220,0.9487,0.0000,5.0197,1.4764,0.6892
7,3,2884,2886,3,2,2,0.5833,2885.220,838.473,412.363,10.1558,16.0000,1.2308,0.6768,4.7244,0.5352,0.1763,0.2885,0.8018,0.5745,3.8386,1.0335,0.5055
3,3,2885,2887,3,1,1,1.0000,2886.020,928.000,652.000,8.5235,19.0000,1.1400,0.0200,5.6100,0.8889,0.0000,0.1111,1.0000,0.0000,4.4288,1.6240,1.0000
4,3,2897,2900,4,1,1,1.0000,2898.625,609.000,1098.000,8.2652,16.0000,1.1429,0.6250,4.7230,0.9375,0.0000,0.0625,1.0000,0.0000,4.1326,0.0000,0.8214
3,3,2906,2908,3,1,1,1.0000,2907.019,495.000,660.000,9.0326,20.0000,1.1321,0.0189,5.9038,0.8889,0.0000,0.1111,1.0000,0.0000,4.7231,1.1808,1.0000
5,3,2906,2908,3,2,2,0.4167,2906.971,540.771,1137.543,9.2409,16.0000,1.1429,0.9437,4.7230,0.1521,0.5234,0.3245,1.0000,0.0000,5.3134,1.3284,0.6857
7,3,2907,2909,3,2,2,0.5833,2908.086,584.624,741.108,10.3762,18.0000,1.3548,0.4007,5.3135,0.5916,0.2044,0.2040,0.9664,0.1591,3.5423,1.1807,0.5161
4,3,2912,2913,2,1,2,1.0000,2912.483,799.000,1157.567,8.8565,18.0000,1.2000,0.6743,5.3140,0.0000,0.7500,0.2500,0.0000,0.0000,4.2806,-0.1476,0.8167
11,3,2915,2918,4,3,2,0.4583,2916.274,743.034,578.829,12.9969,18.0000,1.3562,0.3249,5.3144,0.2808,0.4820,0.2372,0.9348,0.1107,3.2479,0.8857,0.3356
5,3,2917,2919,3,2,2,0.4167,2918.000,867.773,641.455,8.7149,16.0000,1.2121,0.5082,4.7242,0.1521,0.5234,0.3245,1.0000,0.0000,5.0194,1.4763,0.6970
6,3,2925,2927,3,2,2,0.5000,2926.395,1126.123,942.667,9.7666,17.0000,1.2593,0.5314,5.0211,0.5034,0.2551,0.2415,0.9677,0.2521,4.2825,1.3290,0.6173
5,3,2949,2951,3,2,2,0.4167,2950.000,618.847,862.139,9.5179,20.0000,1.3889,0.2065,5.9118,0.7958,0.0325,0.1718,0.9294,0.3690,4.7294,1.7736,0.7083
6,3,2949,2950,2,3,2,0.5000,2949.481,774.260,969.416,9.2919,15.0000,1.1688,0.6863,4.4339,0.5926,0.1852,0.2222,0.2673,0.1690,4.2860,1.1823,0.5844
5,3,2957,2959,3,2,2,0.4167,2958.072,578.246,947.145,9.1227,17.0000,1.2319,0.2949,5.0258,0.4138,0.1655,0.4207,1.0000,0.0000,4.1390,1.1826,0.7101
8,3,2965,2967,3,2,3,0.4444,2966.048,640.800,1119.381,10.9757,18.0000,1.3714,0.6523,5.3218,0.3608,0.3285,0.3106,0.7432,0.3427,4.2870,1.7739,0.4667
7,3,2965,2968,4,2,2,0.4375,2966.398,686.133,1113.592,10.9513,18.0000,1.2857,0.7254,5.3218,0.6625,0.1752,0.1623,0.9597,0.1934,4.1392,0.8870,0.5204
37,20,2965,2969,5,6,6,0.2056,2967.097,1268.755,684.062,35.0448,48.0000,2.4632,0.2713,14.1916,0.3605,0.1468,0.4927,0.1921,0.9039,5.3218,1.1826,0.7198
5,3,2966,2967,2,2,2,0.6250,2966.397,703.324,922.779,8.9911,16.0000,1.1765,0.7189,4.7305,0.3432,0.2505,0.4063,0.6059,0.3645,4.7305,0.8870,0.6765
3,3,2972,2974,3,1,1,1.0000,2973.000,527.000,757.000,7.8521,16.0000,1.0435,0.0000,4.7305,0.8889,0.0000,0.1111,1.0000,0.0000,4.1392,0.5913,1.0000
6,3,2980,2981,2,2,2,0.7500,2980.452,616.369,1054.274,10.1385,17.0000,1.2143,0.6448,5.0260,0.2000,0.3333,0.4667,0.0000,0.0000,4.4347,1.4782,0.5714
3,3,2983,2984,2,2,1,0.7500,2983.633,512.306,913.000,8.3636,18.0000,1.1020,0.7028,5.3215,0.5333,0.2667,0.2000,0.7071,0.0000,5.0258,1.4782,1.0000
5,3,2996,2998,3,2,1,0.8333,2996.788,720.455,888.000,8.7248,15.0000,1.1364,0.9583,4.4340,0.5854,0.2927,0.1220,0.9487,0.0000,4.1383,0.2956,0.6818
3,3,3002,3004,3,1,1,1.0000,3003.000,814.000,1101.000,7.8498,16.0000,1.0435,0.0000,4.7292,0.8889,0.0000,0.1111,1.0000,0.0000,4.1381,1.1823,1.0000
17,8,3029,3031,3,3,4,0.4722,3029.746,868.114,1217.333,18.9202,25.0000,1.6098,0.4341,7.3873,0.1336,0.4995,0.3669,0.2285,0.8151,3.8414,0.8865,0.5758
7,3,3035,3037,3,2,3,0.3889,3036.106,695.117,930.191,10.4983,17.0000,1.2660,0.2484,5.0233,0.4552,0.3334,0.2114,0.8579,0.2968,4.1368,1.4774,0.5213
4,3,3038,3041,4,1,1,1.0000,3039.443,483.000,1144.000,9.0124,17.0000,1.1148,0.4426,5.0233,0.9375,0.0000,0.0625,1.0000,0.0000,4.2846,0.8865,0.7869
11,3,3047,3049,3,3,3,0.4074,3047.701,815.089,1045.197,13.9884,27.0000,1.8917,0.3695,7.9787,0.2454,0.3360,0.4186,0.6664,0.7156,3.6938,0.5910,0.4013
5,3,3049,3051,3,2,2,0.4167,3049.682,938.227,621.152,8.7223,16.0000,1.2121,0.7345,4.7281,0.6489,0.0995,0.2515,0.9362,0.2726,4.7282,1.1820,0.6970
10,3,3056,3058,3,2,3,0.5556,3056.819,1117.496,301.598,11.8693,18.0000,1.4173,0.7981,5.3198,0.5553,0.1793,0.2655,0.7624,0.4353,3.1033,0.8867,0.3937
3,3,3063,3064,2,1,2,0.7500,3063.348,401.000,1230.326,7.8502,16.0000,1.0435,0.7292,4.7295,0.5333,0.2667,0.2000,0.7071,0.0000,4.7293,1.4779,1.0000
5,3,3084,3086,3,1,2,0.8333,3084.706,740.000,1071.368,8.9944,16.0000,1.1765,0.7959,4.7323,0.5854,0.2927,0.1220,0.9487,0.0000,4.1406,0.5915,0.6912
10,3,3090,3092,3,3,3,0.3704,3090.705,669.806,1064.783,12.0674,19.0000,1.4729,0.4141,5.6206,0.3874,0.3528,0.2597,0.5177,0.6111,3.2540,1.0353,0.3798
4,3,3109,3110,2,1,2,1.0000,3109.524,788.000,1084.508,9.3223,18.0000,1.1429,0.6848,5.3271,0.0000,0.7500,0.2500,0.0000,0.0000,4.8831,1.4797,0.7778
4,3,3122,3124,3,1,2,0.6667,3122.968,424.000,1174.516,9.1760,16.0000,1.0323,1.0820,4.7360,0.7576,0.1294,0.1129,0.8507,0.0000,5.3280,1.4800,0.7742
5,3,3125,3126,2,1,3,0.8333,3125.538,435.000,723.769,8.6045,15.0000,1.1538,0.9390,4.4401,0.5854,0.2927,0.1220,0.3162,0.0000,4.7361,0.8880,0.6923
5,3,3126,3128,3,2,2,0.4167,3127.070,713.169,1017.634,9.3989,17.0000,1.1972,0.4094,5.0321,0.5461,0.2256,0.2283,0.8117,0.4177,4.7361,1.1840,0.6761
4,3,3127,3128,2,2,1,1.0000,3127.545,354.455,798.000,8.1402,15.0000,1.0909,0.7100,4.4401,0.0000,0.7500,0.2500,1.0000,0.0000,5.0321,1.4800,0.8182
6,3,3137,3139,3,2,2,0.5000,3138.181,471.361,952.855,10.0301,21.0000,1.5181,0.4292,6.2162,0.5230,0.1584,0.3185,0.9225,0.0898,4.2921,1.0360,0.6145
3,3,3144,3145,2,2,1,0.7500,3144.646,292.312,930.000,8.2028,17.0000,1.0625,0.7175,5.0319,0.5333,0.2667,0.2000,0.7071,0.0000,5.3278,1.1840,1.0000
7,3,3148,3150,3,2,2,0.5833,3148.980,601.870,887.670,11.1869,22.0000,1.5400,0.3552,6.5115,0.4600,0.2645,0.2756,1.0000,0.0000,4.4396,1.4799,0.5400
3,3,3149,3151,3,1,1,1.0000,3149.978,272.000,750.000,7.8604,16.0000,1.0435,0.9783,4.7356,0.8889,0.0000,0.1111,1.0000,0.0000,4.7355,1.4799,1.0000
4,3,3149,3152,4,1,1,1.0000,3150.587,975.000,740.000,9.3230,19.0000,1.2063,0.4127,5.6234,0.9375,0.0000,0.0625,1.0000,0.0000,5.0314,1.7758,0.8095
7,3,3152,3154,3,2,3,0.3889,3153.045,674.112,1056.169,9.9556,18.0000,1.4157,0.2075,5.3272,0.6788,0.0891,0.2320,0.7979,0.1151,2.9596,1.1838,0.5393
4,3,3156,3157,2,2,1,1.0000,3156.534,266.534,883.000,8.5821,16.0000,1.1034,0.6583,4.7349,0.0000,0.7500,0.2500,1.0000,0.0000,4.7349,0.2959,0.7931
7,3,3157,3159,3,2,3,0.3889,3157.443,743.284,944.114,9.8428,17.0000,1.3523,0.6353,5.0307,0.3215,0.3592,0.3193,0.8334,0.2429,2.9592,1.1837,0.5341
3,3,3158,3159,2,1,2,0.7500,3158.367,517.000,1067.694,8.3717,18.0000,1.1020,0.7028,5.3265,0.5333,0.2667,0.2000,0.7071,0.0000,5.0307,1.3316,1.0000
27,14,3189,3192,4,4,4,0.4219,3190.384,688.582,1120.745,26.7972,36.0000,2.0637,0.7423,10.6428,0.1607,0.3544,0.4849,0.9806,0.1075,4.5825,0.8869,0.6645
10,3,3196,3198,3,2,4,0.4167,3197.279,451.163,534.791,12.0574,16.0000,1.2403,1.8196,4.7292,0.5012,0.2591,0.2397,0.1398,0.1646,3.3991,0.8867,0.3721
6,3,3199,3201,3,3,1,0.6667,3200.000,484.101,668.000,10.7386,21.0000,1.4157,0.1011,6.2066,0.6944,0.2222,0.0833,0.8000,0.0000,4.5812,1.7733,0.6067
8,4,3199,3202,4,3,2,0.3333,3200.588,557.982,746.263,11.9121,22.0000,1.5439,0.6442,6.5021,0.7604,0.0199,0.2196,0.9552,0.2771,4.2854,1.3300,0.6140
4,3,3232,3233,2,1,2,1.0000,3232.532,422.000,853.484,9.1570,18.0000,1.1613,0.6730,5.3169,0.0000,0.7500,0.2500,0.0000,0.0000,4.1354,1.4769,0.7742
5,3,3238,3239,2,2,2,0.6250,3238.400,694.143,1147.543,9.2464,16.0000,1.1429,0.6893,4.7259,0.3432,0.2505,0.4063,0.6059,0.3645,5.0212,1.4768,0.6857
7,3,3241,3243,3,3,2,0.3889,3241.642,515.947,513.274,10.6052,17.0000,1.2526,0.4536,5.0210,0.5170,0.0882,0.3949,0.8847,0.3734,3.8396,1.4767,0.5053
5,3,3256,3257,2,2,2,0.6250,3256.386,414.686,760.757,9.2444,17.0000,1.2143,0.9060,5.0202,0.3432,0.2505,0.4063,0.6059,0.3645,4.7248,1.1812,0.6857
3,3,3258,3260,3,1,1,1.0000,3259.021,486.000,739.000,8.0129,16.0000,1.0213,0.0213,4.7247,0.8889,0.0000,0.1111,1.0000,0.0000,4.4293,0.4429,1.0000
4,3,3275,3277,3,2,1,0.6667,3276.196,502.196,879.000,8.2669,15.0000,1.0714,1.2124,4.4287,0.7500,0.1500,0.1000,0.9487,0.0000,4.1334,1.0334,0.8036
8,3,3278,3281,4,2,2,0.5000,3279.176,782.324,1046.245,10.6472,18.0000,1.4118,0.4426,5.3144,0.7888,0.0442,0.1670,0.9171,0.1008,3.6905,0.8857,0.4706
6,3,3296,3297,2,2,2,0.7500,3296.537,714.475,1044.562,9.6439,15.0000,1.1250,0.8402,4.4293,0.0000,0.6000,0.4000,0.7071,0.5774,4.7245,1.1811,0.5625
4,3,3312,3315,4,1,1,1.0000,3313.649,555.000,777.000,8.4201,17.0000,1.1930,0.3509,5.0226,0.9375,0.0000,0.0625,1.0000,0.0000,4.7271,0.8863,0.8246
5,3,3324,3326,3,2,2,0.4167,3325.041,553.365,792.176,9.7821,19.0000,1.2838,0.4070,5.6162,0.5461,0.2256,0.2283,0.8117,0.4177,4.7294,1.7735,0.6622
5,3,3329,3330,2,2,2,0.6250,3329.351,632.838,505.378,9.7839,19.0000,1.2838,0.5412,5.6171,0.3432,0.2505,0.4063,0.6059,0.3645,4.7304,1.4781,0.6892
6,3,3335,3336,2,1,4,0.7500,3335.392,546.000,467.494,9.5372,16.0000,1.2152,0.7829,4.7315,0.6944,0.2222,0.0833,0.0000,0.0000,4.2878,0.8872,0.5823
5,3,3341,3343,3,2,2,0.4167,3341.910,378.478,842.149,8.8622,16.0000,1.1940,1.0602,4.7323,0.5461,0.2256,0.2283,0.8117,0.4177,3.8450,1.1831,0.7015
4,3,3351,3352,2,2,1,1.0000,3351.483,494.517,905.000,8.8743,16.0000,1.0667,0.6835,4.7330,0.0000,0.7500,0.2500,1.0000,0.0000,4.7330,1.0353,0.7667
30,15,3369,3372,4,4,4,0.4688,3370.335,895.659,563.832,25.9725,31.0000,1.9335,0.9515,9.1682,0.3757,0.1828,0.4415,0.4646,0.8704,3.8449,1.1829,0.6299
6,3,3370,3372,3,2,3,0.3333,3370.805,462.143,338.805,9.2969,16.0000,1.2468,0.3103,4.7320,0.7273,0.0909,0.1818,0.7071,0.5774,4.1405,1.1830,0.5974
3,3,3378,3380,3,1,1,1.0000,3379.000,573.000,707.000,7.8530,16.0000,1.0435,0.0000,4.7311,0.8889,0.0000,0.1111,1.0000,0.0000,4.7312,1.6263,1.0000
9,3,3380,3382,3,3,2,0.5000,3381.017,585.896,468.174,11.3344,17.0000,1.3304,1.0033,5.0264,0.5418,0.1816,0.2766,0.6100,0.2424,3.5482,1.4784,0.5478
4,3,3398,3399,2,1,2,1.0000,3398.446,634.000,604.554,8.2773,16.0000,1.1429,0.6313,4.7299,0.0000,0.7500,0.2500,0.0000,0.0000,5.0255,1.6259,0.8214
19,8,3407,3410,4,6,3,0.2639,3408.813,736.326,344.399,18.5170,23.0000,1.6007,0.7086,6.8001,0.7495,0.0537,0.1968,0.5644,0.2868,4.4347,1.1826,0.5165
8,3,3411,3414,4,2,2,0.5000,3412.729,632.449,854.813,11.1857,20.0000,1.4953,0.6422,5.9137,0.7435,0.1182,0.1384,0.9342,0.2294,3.9916,1.3306,0.4766
7,3,3427,3429,3,3,3,0.2593,3427.865,416.029,815.788,11.6288,20.0000,1.3462,0.2524,5.9167,0.3805,0.2786,0.3409,0.7298,0.6270,3.8460,1.0354,0.5288
3,3,3436,3437,2,1,2,0.7500,3436.300,547.000,694.300,8.5426,20.0000,1.2000,0.4243,5.9184,0.5333,0.2667,0.2000,0.7071,0.0000,4.7349,2.0715,1.0000
4,3,3441,3444,4,1,1,1.0000,3442.323,376.000,684.000,9.6193,19.0000,1.1692,1.3231,5.6234,0.9375,0.0000,0.0625,1.0000,0.0000,5.4756,1.3319,0.8308
6,3,3463,3464,2,2,4,0.3750,3463.167,584.119,730.345,10.1525,17.0000,1.2143,0.6860,5.0329,0.8444,0.0252,0.1304,0.1000,0.1688,3.9967,1.1842,0.5714
6,3,3463,3465,3,2,2,0.5000,3463.617,742.481,582.877,9.7899,16.0000,1.1852,0.7925,4.7368,0.6373,0.1269,0.2358,0.8795,0.0724,3.8487,1.0362,0.5802
5,3,3480,3482,3,1,2,0.8333,3480.971,354.000,468.632,9.0021,18.0000,1.3235,1.0931,5.3283,0.5854,0.2927,0.1220,0.9487,0.0000,4.7363,1.1841,0.7059
5,3,3502,3504,3,2,2,0.4167,3502.974,499.831,622.584,10.1948,19.0000,1.2338,0.4493,5.6251,0.5461,0.2256,0.2283,0.8117,0.4177,4.7368,1.1843,0.6623
9,3,3512,3515,4,2,2,0.5625,3513.881,686.500,1047.365,12.4385,21.0000,1.5000,0.6304,6.2193,0.6726,0.1113,0.2161,0.9266,0.2169,4.1461,0.8885,0.4286
6,3,3531,3532,2,1,3,1.0000,3531.500,816.000,693.930,10.4073,17.0000,1.1860,0.5048,5.0394,0.5556,0.3333,0.1111,0.0000,0.0000,4.8910,1.4822,0.5814
4,3,3545,3548,4,1,1,1.0000,3546.609,496.000,694.000,9.4957,20.0000,1.2500,0.3906,5.9350,0.9375,0.0000,0.0625,1.0000,0.0000,5.1932,1.1871,0.8281
7,3,3552,3554,3,3,1,0.7778,3552.989,183.945,780.000,10.2116,16.0000,1.2308,0.0560,4.7503,0.6076,0.3038,0.0886,0.7071,0.0000,4.1569,0.5938,0.5055
7,3,3554,3556,3,2,2,0.5833,3554.608,542.763,737.526,10.8864,17.0000,1.2268,0.8382,5.0476,0.5694,0.1270,0.3036,0.8963,0.4170,4.4546,0.8908,0.4948
4,3,3574,3575,2,2,2,0.5000,3574.730,892.540,651.175,9.3700,18.0000,1.1429,0.6281,5.3544,0.5916,0.1015,0.3069,0.5000,0.5000,5.3542,1.7848,0.8254
29,10,3585,3588,4,9,3,0.2685,3586.834,663.294,794.226,22.0054,23.0000,1.6759,1.3240,6.8482,0.6475,0.2669,0.0855,0.0727,0.5911,4.1684,1.1912,0.4573
13,8,3586,3588,3,6,1,0.7222,3587.020,671.410,796.000,16.5162,23.0000,1.4950,2.4101,6.8482,0.7466,0.2189,0.0345,0.2183,0.0000,4.4659,1.1910,0.7200
8,7,3586,3588,3,3,1,0.8889,3587.083,675.819,797.000,15.1590,23.0000,1.2778,0.1989,6.8482,0.3375,0.5625,0.1000,0.7071,0.0000,5.0615,0.8933,0.9167
58,20,3586,3589,4,18,3,0.2685,3587.383,688.173,798.535,39.8403,29.0000,1.6506,0.7920,8.6353,0.9666,0.0238,0.0095,0.0145,0.1276,4.9128,0.8934,0.7193
71,28,3586,3589,4,21,4,0.2113,3587.363,707.496,796.993,38.8710,24.0000,1.5491,7.5724,7.1465,0.9763,0.0121,0.0116,0.0232,0.3533,4.1681,0.7445,0.6436
19,6,3586,3588,3,5,3,0.4222,3587.279,721.092,794.430,18.5803,25.0000,1.7463,1.1079,7.4437,0.5088,0.0179,0.4733,0.0531,0.9113,3.5727,0.8932,0.4926
6,3,3586,3588,3,3,1,0.6667,3587.214,731.429,792.000,11.9126,25.0000,1.5306,0.6103,7.4437,0.2083,0.6667,0.1250,0.4472,0.0000,3.8707,0.8931,0.6531
34,6,3586,3589,4,8,6,0.1771,3587.633,738.892,788.037,25.1755,27.0000,1.8621,3.1715,8.0392,0.4555,0.4238,0.1207,0.1122,0.9692,2.9778,0.8932,0.5335
22,3,3586,3589,4,6,5,0.1833,3587.921,752.375,776.809,16.9503,16.0000,1.3184,1.2510,4.7646,0.7193,0.1852,0.0955,0.2547,0.0488,2.9776,0.8932,0.2322
34,8,3586,3589,4,8,7,0.1518,3587.596,752.775,781.554,26.5542,28.0000,1.8308,1.7457,8.3370,0.8465,0.1010,0.0524,0.0111,0.7488,3.8711,1.1912,0.5769
61,13,3586,3590,5,9,9,0.1506,3588.025,777.272,759.432,34.7706,29.0000,1.9397,1.7814,8.6353,0.7250,0.2188,0.0561,0.0332,0.8999,4.1687,1.7867,0.5197
47,8,3587,3590,4,7,9,0.1865,3588.136,783.084,751.439,30.3608,29.0000,1.9499,1.9700,8.6353,0.6944,0.2552,0.0504,0.0710,0.9058,3.5735,1.1911,0.4936
15,3,3587,3589,3,3,6,0.2778,3588.300,794.377,726.169,15.9153,25.0000,1.8116,0.7118,7.4443,0.5952,0.2422,0.1626,0.1045,0.7536,2.9779,1.1910,0.3913
4,3,3596,3597,2,1,2,1.0000,3596.492,644.000,357.524,9.3845,17.0000,1.0794,0.6962,5.0648,0.0000,0.7500,0.2500,0.0000,0.0000,5.0645,1.4896,0.7778
6,3,3597,3599,3,2,2,0.5000,3597.650,339.337,741.125,9.7306,17.0000,1.2750,0.5020,5.0650,0.5034,0.2551,0.2415,0.9677,0.2521,4.3201,0.8939,0.6000
5,3,3607,3609,3,1,2,0.8333,3608.261,785.000,368.478,9.1972,17.0000,1.2319,0.9047,5.0670,0.5854,0.2927,0.1220,0.9487,0.0000,4.4708,1.4903,0.6957
4,3,3633,3634,2,2,2,0.5000,3633.741,445.793,672.741,8.6449,16.0000,1.1034,0.4202,4.7696,0.0000,0.5625,0.4375,0.4459,0.5774,4.7696,1.3415,0.7931
3,3,3633,3635,3,1,1,1.0000,3633.978,500.000,340.000,7.9170,16.0000,1.0435,0.9783,4.7696,0.8889,0.0000,0.1111,1.0000,0.0000,5.0677,1.7886,1.0000
4,3,3639,3640,2,1,2,1.0000,3639.483,515.000,422.517,8.6448,15.0000,1.0345,0.7075,4.4715,0.0000,0.7500,0.2500,0.0000,0.0000,4.7696,0.8943,0.7759
7,3,3668,3670,3,3,1,0.7778,3668.722,293.216,793.000,10.9321,17.0000,1.2268,0.8315,5.0691,0.4747,0.4312,0.0941,0.5071,0.0000,4.4727,1.3418,0.4845
5,3,3672,3674,3,2,1,0.8333,3672.764,596.417,726.000,9.6022,16.0000,1.1111,0.4789,4.7714,0.5854,0.2927,0.1220,0.9487,0.0000,4.7713,1.4910,0.6389
5,3,3682,3684,3,1,2,0.8333,3682.746,622.000,442.634,9.4716,17.0000,1.1972,0.4454,5.0711,0.5854,0.2927,0.1220,0.9487,0.0000,4.9218,1.1932,0.6761
7,3,3687,3690,4,2,2,0.4375,3688.522,571.424,646.120,10.3747,17.0000,1.2935,0.6502,5.0722,0.7406,0.0824,0.1770,0.9316,0.0988,3.2820,0.8950,0.5109
7,3,3704,3705,2,2,3,0.5833,3704.548,703.570,1070.140,10.4947,17.0000,1.2796,0.8031,5.0754,0.5352,0.1763,0.2885,0.5345,0.8125,3.5829,1.7912,0.5054
4,3,3709,3710,2,2,2,0.5000,3709.712,634.576,1137.831,8.8098,17.0000,1.1525,0.8456,5.0769,0.5916,0.1015,0.3069,0.5000,0.5000,5.3754,2.3890,0.8305
5,3,3717,3719,3,1,2,0.8333,3717.692,564.000,530.641,10.4216,20.0000,1.2821,0.7798,5.9750,0.5854,0.2927,0.1220,0.9487,0.0000,5.0787,0.4481,0.6923
5,3,3728,3730,3,2,1,0.8333,3728.800,617.357,771.000,9.3580,17.0000,1.2143,0.4093,5.0819,0.5854,0.2927,0.1220,0.9487,0.0000,4.7830,1.1957,0.6857
7,3,3732,3734,3,2,2,0.5833,3732.722,516.611,614.756,10.1707,18.0000,1.4000,0.5368,5.3819,0.4600,0.2645,0.2756,0.8571,0.1000,3.8869,0.5980,0.5333
19,8,3740,3742,3,5,3,0.4222,3740.982,529.343,1255.527,19.0073,23.0000,1.5776,0.6291,6.8793,0.5961,0.1033,0.3006,0.2205,0.3943,3.8881,1.1963,0.5199
4,3,3765,3768,4,1,1,1.0000,3766.431,528.000,775.000,8.6805,16.0000,1.1034,0.5690,4.7893,0.9375,0.0000,0.0625,1.0000,0.0000,4.7892,1.3470,0.7931
3,3,3778,3779,2,1,2,0.7500,3778.333,875.000,171.333,7.7791,15.0000,1.0000,0.4714,4.4914,0.5333,0.2667,0.2000,0.7071,0.0000,4.9403,1.4971,1.0000
8,3,3790,3793,4,2,3,0.3333,3791.523,754.679,393.110,11.5451,18.0000,1.3211,0.6234,5.3923,0.4233,0.3781,0.1986,0.9169,0.1833,4.1943,1.0486,0.4679
4,3,3809,3811,3,2,1,0.6667,3809.926,279.463,647.000,8.1012,15.0000,1.1111,0.4689,4.5007,0.7576,0.1294,0.1129,0.8507,0.0000,4.6504,0.6002,0.8148
5,3,3810,3812,3,1,2,0.8333,3811.197,464.000,669.648,9.5284,17.0000,1.1972,0.4036,5.1013,0.5854,0.2927,0.1220,0.9487,0.0000,3.9011,0.9004,0.6620
6,4,3811,3813,3,1,2,1.0000,3812.000,434.000,415.500,10.2918,16.0000,1.1429,0.5000,4.8018,0.5556,0.3333,0.1111,1.0000,0.0000,4.5016,0.9004,0.7143
5,3,3816,3817,2,2,2,0.6250,3816.176,825.635,538.608,9.9369,17.0000,1.1486,0.7306,5.1044,0.3432,0.2505,0.4063,0.5155,0.8569,4.8042,1.9515,0.6622
4,3,3817,3818,2,1,2,1.0000,3817.519,815.000,769.481,8.1086,14.0000,1.0370,0.7076,4.2047,0.0000,0.7500,0.2500,0.0000,0.0000,3.9040,0.9008,0.7778
3,3,3818,3819,2,1,2,0.7500,3818.689,511.000,733.689,7.8037,17.0000,1.1333,0.4400,5.1064,0.5333,0.2667,0.2000,0.7071,0.0000,4.5056,1.2015,1.0000
7,3,3819,3820,2,3,2,0.5833,3819.459,492.106,529.576,9.6508,15.0000,1.2353,0.7977,4.5063,0.3210,0.2459,0.4331,0.2906,0.6446,3.0037,0.6007,0.5059
3,3,3819,3820,2,2,1,0.7500,3819.326,988.326,661.000,7.4575,15.0000,1.0465,0.4604,4.5056,0.5333,0.2667,0.2000,0.7071,0.0000,3.9055,0.9010,1.0000
4,3,3821,3824,4,1,1,1.0000,3822.661,452.000,494.000,8.8656,19.0000,1.2881,0.3390,5.7103,0.9375,0.0000,0.0625,1.0000,0.0000,4.2076,0.6013,0.8305
3,3,3822,3823,2,1,2,0.7500,3822.340,546.000,474.319,8.1546,16.0000,1.0213,0.4666,4.8087,0.5333,0.2667,0.2000,0.7071,0.0000,5.4091,1.8029,1.0000
4,3,3823,3824,2,2,2,0.5000,3823.189,836.736,340.472,7.9646,15.0000,1.1321,0.6201,4.5081,0.5916,0.1015,0.3069,0.5000,0.5000,4.5082,1.3525,0.8113
4,4,3832,3834,3,2,1,0.6667,3832.742,500.242,800.000,9.3306,18.0000,1.1613,0.3537,5.4180,0.7500,0.1500,0.1000,0.9487,0.0000,4.8154,1.2039,1.0000
5,3,3835,3837,3,1,2,0.8333,3836.101,268.000,331.623,9.2928,16.0000,1.1594,1.1641,4.8175,0.5854,0.2927,0.1220,0.9487,0.0000,4.8183,1.5058,0.6667
4,4,3835,3836,2,1,2,1.0000,3835.508,784.000,239.508,8.8831,16.0000,1.0847,0.6951,4.8183,0.0000,0.7500,0.2500,0.0000,0.0000,4.6674,1.5055,1.0000
10,4,3836,3838,3,3,2,0.5556,3836.759,457.842,518.496,12.6672,17.0000,1.2782,0.9249,5.1195,0.4603,0.3182,0.2215,0.6348,0.2846,4.2167,1.5059,0.4662
4,3,3839,3840,2,1,2,1.0000,3839.429,794.000,503.508,9.4915,19.0000,1.2063,0.6646,5.7246,0.0000,0.7500,0.2500,0.0000,0.0000,4.5197,1.2055,0.8095
5,3,3839,3841,3,1,2,0.8333,3840.306,830.000,242.625,9.7037,18.0000,1.2500,0.7892,5.4252,0.5854,0.2927,0.1220,0.9487,0.0000,4.8222,1.8080,0.6806
5,3,3844,3846,3,1,2,0.8333,3845.203,576.000,211.319,9.3072,17.0000,1.2319,0.3779,5.1273,0.5854,0.2927,0.1220,0.9487,0.0000,3.9201,0.7538,0.6812
4,3,3847,3850,4,1,1,1.0000,3848.667,682.000,463.000,8.6014,16.0000,1.1228,0.3333,4.8300,0.9375,0.0000,0.0625,1.0000,0.0000,4.9795,1.8105,0.8246
4,3,3850,3851,2,3,1,0.6667,3850.719,335.053,557.000,8.6046,16.0000,1.1228,0.7212,4.8300,0.5357,0.3214,0.1429,0.0000,0.0000,4.0761,1.2076,0.7895
8,3,3851,3852,2,3,2,0.6667,3851.436,562.376,351.307,10.7824,17.0000,1.3465,0.7445,5.1338,0.4782,0.1602,0.3617,0.2952,0.6425,3.6231,0.6039,0.4752
3,3,3853,3855,3,1,1,1.0000,3854.000,614.000,557.000,7.3255,14.0000,1.0000,1.0000,4.2301,0.8889,0.0000,0.1111,1.0000,0.0000,4.5314,1.8119,1.0000
3,3,3858,3859,2,2,1,0.7500,3858.674,633.304,447.000,8.0302,17.0000,1.1087,0.4460,5.1405,0.5333,0.2667,0.2000,0.7071,0.0000,4.8373,1.5117,1.0000
5,3,3861,3863,3,1,3,0.5556,3861.970,461.000,251.742,8.9303,15.0000,1.1364,1.0033,4.5375,0.5532,0.3398,0.1070,0.5606,0.0000,3.9334,0.6052,0.6515
4,3,3863,3864,2,2,1,1.0000,3863.491,935.491,607.000,8.3228,14.0000,1.0182,0.6943,4.2375,0.0000,0.7500,0.2500,1.0000,0.0000,3.9340,1.2105,0.7636
8,3,3864,3867,4,2,2,0.5000,3865.989,463.419,499.430,9.9562,15.0000,1.2903,1.2425,4.5429,0.7519,0.0685,0.1796,0.8991,0.4080,2.7253,0.9079,0.4624
4,3,3865,3866,2,3,1,0.6667,3865.269,677.654,544.000,7.8716,14.0000,1.0769,0.7071,4.2392,0.7500,0.1500,0.1000,0.3162,0.0000,4.5412,1.6649,0.8077
3,3,3869,3870,2,1,2,0.7500,3869.667,549.000,558.667,7.3480,14.0000,1.0000,0.7454,4.2427,0.5333,0.2667,0.2000,0.7071,0.0000,3.9396,1.2118,1.0000
4,3,3882,3884,3,2,1,0.6667,3882.906,466.547,567.000,8.0539,15.0000,1.1321,1.0126,4.5578,0.7576,0.1294,0.1129,0.8507,0.0000,4.5588,0.6083,0.8113
3,3,3888,3889,2,2,1,0.7500,3888.667,502.356,465.000,7.9073,16.0000,1.0667,0.7255,4.8701,0.5333,0.2667,0.2000,0.7071,0.0000,4.8689,1.5217,1.0000
5,3,3888,3890,3,1,2,0.8333,3889.136,665.000,252.303,8.9844,17.0000,1.2879,0.3323,5.1744,0.5854,0.2927,0.1220,0.9487,0.0000,4.5670,1.3697,0.6970
4,4,3894,3895,2,1,2,1.0000,3894.491,499.000,438.509,8.6876,15.0000,1.0526,0.6947,4.5718,0.0000,0.7500,0.2500,0.0000,0.0000,4.5729,0.9149,1.0000
4,3,3894,3896,3,2,1,0.6667,3895.170,499.811,371.000,8.0795,15.0000,1.1321,1.1849,4.5718,0.7500,0.1500,0.1000,0.9487,0.0000,4.8784,1.8303,0.8113
5,3,3894,3896,3,3,1,0.5556,3895.047,732.266,497.000,8.7260,14.0000,1.0937,0.2697,4.2694,0.5532,0.3398,0.1070,0.5606,0.0000,4.5731,1.2196,0.6562
4,3,3903,3906,4,1,1,1.0000,3904.600,633.000,330.000,8.4083,16.0000,1.1636,0.6000,4.8911,0.9375,0.0000,0.0625,1.0000,0.0000,5.0458,1.6810,0.8182
5,3,3912,3914,3,2,1,0.8333,3912.689,939.607,349.000,8.3645,14.0000,1.1475,0.9176,4.2931,0.5854,0.2927,0.1220,0.9487,0.0000,4.5985,1.3795,0.6885
6,3,3913,3915,3,2,2,0.5000,3913.730,619.284,416.676,9.2666,15.0000,1.2162,1.0342,4.5997,0.6381,0.1455,0.2164,0.8019,0.3768,4.1409,1.2275,0.5946
7,3,3916,3918,3,2,3,0.3889,3917.375,763.455,327.318,10.2168,15.0000,1.1932,0.7344,4.6087,0.6175,0.1522,0.2303,0.6547,0.2671,4.2983,1.2291,0.5000
3,3,3927,3929,3,1,1,1.0000,3928.041,749.000,806.000,8.7318,17.0000,1.0408,0.0408,5.2496,0.8889,0.0000,0.1111,1.0000,0.0000,4.9386,1.5434,1.0000
5,3,3928,3930,3,3,1,0.5556,3929.065,551.290,642.000,8.5625,14.0000,1.1290,0.2974,4.3254,0.5532,0.3398,0.1070,0.5606,0.0000,4.0149,1.2345,0.6774
4,3,3929,3930,2,1,2,1.0000,3929.500,593.000,414.518,8.6486,15.0000,1.0714,0.6946,4.6344,0.0000,0.7500,0.2500,0.0000,0.0000,4.0146,0.7725,0.7679
5,4,3931,3932,2,2,2,0.6250,3931.435,697.420,485.145,9.5411,15.0000,1.0870,0.6218,4.6394,0.3432,0.2505,0.4063,0.6059,0.3645,4.9458,1.5469,0.8551
8,3,3932,3934,3,2,3,0.4444,3933.306,504.653,798.888,10.7243,18.0000,1.4694,0.7839,5.5735,0.5299,0.2568,0.2133,0.8459,0.0851,3.7128,1.5456,0.4796
6,4,3953,3955,3,3,1,0.6667,3953.815,746.198,532.000,10.3882,17.0000,1.2593,0.2708,5.3413,0.4000,0.4800,0.1200,0.7071,0.0000,5.0230,0.6287,0.7654
5,3,3981,3983,3,1,2,0.8333,3982.288,440.000,195.542,8.5473,14.0000,1.1864,0.6142,4.5336,0.5854,0.2927,0.1220,0.9487,0.0000,4.5384,0.9719,0.6780
4,3,3983,3984,2,1,2,1.0000,3983.542,787.000,245.542,7.7862,13.0000,1.0833,0.7096,4.2198,0.0000,0.7500,0.2500,0.0000,0.0000,4.8657,1.6211,0.8125
6,3,3985,3987,3,2,2,0.5000,3986.342,901.685,326.137,9.7011,14.0000,1.1507,0.4851,4.5609,0.5034,0.2551,0.2415,0.9677,0.2521,4.3923,1.6238,0.5616
7,3,3987,3989,3,2,2,0.5833,3988.034,582.759,166.230,10.7258,18.0000,1.4483,1.0214,5.8781,0.6517,0.0773,0.2710,0.8881,0.0000,4.2355,1.3049,0.5287
3,3,3987,3989,3,1,1,1.0000,3988.000,773.000,255.000,7.7209,15.0000,1.0976,0.0000,4.8925,0.8889,0.0000,0.1111,1.0000,0.0000,4.5717,1.4672,1.0000
5,3,3988,3990,3,1,2,0.8333,3988.773,846.000,387.379,9.6362,15.0000,1.1364,0.4417,4.8984,0.5854,0.2927,0.1220,0.9487,0.0000,4.5668,1.6299,0.6364
3,3,3992,3994,3,1,1,1.0000,3992.975,495.000,491.000,7.5778,14.0000,1.0500,0.9750,4.5884,0.8889,0.0000,0.1111,1.0000,0.0000,3.9438,1.4752,1.0000
5,3,3995,3997,3,1,2,0.8333,3996.281,803.000,416.609,9.4288,16.0000,1.2500,0.8180,5.2754,0.5854,0.2927,0.1220,0.9487,0.0000,5.2715,1.6462,0.6875
3,3,3998,3999,2,2,1,0.7500,3998.310,612.333,539.000,8.0076,15.0000,1.0714,0.4549,4.9516,0.5333,0.2667,0.2000,0.7071,0.0000,5.2817,1.9810,1.0000
8,4,3998,4001,4,3,2,0.3333,3999.743,996.095,448.810,12.2799,19.0000,1.4476,0.7728,6.2795,0.7315,0.1854,0.0830,0.9724,0.2258,4.3067,1.6517,0.6190
4,3,3999,4001,3,1,2,0.6667,3999.917,931.000,433.271,7.9406,13.0000,1.0833,0.9558,4.3016,0.5357,0.3214,0.1429,1.0000,0.0000,4.6303,1.3240,0.8125
4,3,4007,4008,2,2,1,1.0000,4007.451,757.529,266.000,8.5118,14.0000,1.0980,0.6955,4.6707,0.0000,0.7500,0.2500,1.0000,0.0000,4.8412,1.6693,0.8039
3,3,4016,4017,2,2,1,0.7500,4016.350,564.325,908.000,7.7876,14.0000,1.0500,0.7267,4.7244,0.5333,0.2667,0.2000,0.7071,0.0000,4.7185,1.5172,1.0000
4,3,4018,4019,2,1,2,1.0000,4018.434,767.000,260.547,8.9571,16.0000,1.2075,0.6272,5.4054,0.0000,0.7500,0.2500,0.0000,0.0000,4.9015,1.6899,0.8113
4,3,4048,4050,3,1,2,0.6667,4048.854,544.000,391.833,8.3689,14.0000,1.1667,1.1579,4.8866,0.7500,0.1500,0.1000,0.9487,0.0000,4.1839,1.5686,0.8333
36,4,4056,4060,5,12,3,0.2000,4058.751,630.696,113.737,20.9636,17.0000,1.7095,2.1220,5.9778,0.8992,0.0840,0.0168,0.0621,0.0317,2.8138,0.7036,0.2263
7,3,4056,4059,4,2,2,0.4375,4057.494,760.481,233.901,10.7474,16.0000,1.3827,0.7313,5.6188,0.7406,0.0824,0.1770,0.9316,0.0988,3.5153,0.7020,0.5185
4,3,4056,4057,2,2,2,0.5000,4056.273,907.273,436.182,7.7165,12.0000,1.0909,0.4264,4.2112,0.0000,0.5625,0.4375,0.4459,0.5774,4.5583,2.1023,0.8182
11,3,4056,4059,4,3,3,0.3056,4057.682,1056.227,433.936,11.6444,14.0000,1.4000,0.3962,4.9164,0.7417,0.0649,0.1934,0.9465,0.1911,3.5140,1.7547,0.3636
13,6,4056,4060,5,4,3,0.2167,4057.692,1100.224,235.063,13.9248,15.0000,1.3636,2.4356,5.2745,0.5335,0.2654,0.2011,0.7509,0.1260,3.5068,0.7026,0.6364
13,3,4056,4060,5,3,3,0.2889,4058.493,1100.164,245.067,13.0554,15.0000,1.4552,1.8542,5.2745,0.7864,0.0803,0.1333,0.8504,0.3197,3.8630,0.3512,0.2985
11,3,4056,4060,5,3,3,0.2444,4057.545,1144.291,288.964,11.6433,15.0000,1.5000,0.8954,5.2640,0.7248,0.1630,0.1122,0.8752,0.4286,2.8122,0.3517,0.3636
13,3,4056,4060,5,3,3,0.2889,4057.976,1151.288,348.832,12.1743,12.0000,1.2480,2.1633,4.2169,0.7552,0.1099,0.1348,0.9651,0.1815,2.8103,1.7538,0.3840
19,6,4056,4060,5,3,4,0.3167,4058.358,1194.746,351.318,16.1971,14.0000,1.3234,0.7600,4.9197,0.3257,0.5793,0.0951,0.9847,0.0848,3.1659,0.7042,0.4378
11,3,4057,4060,4,2,2,0.6875,4059.043,403.452,974.330,12.1849,14.0000,1.3391,1.1084,4.9229,0.6951,0.0494,0.2556,0.9622,0.2557,3.8652,1.5810,0.3478
10,3,4057,4060,4,2,3,0.4167,4059.218,466.594,979.178,11.2251,13.0000,1.2871,0.9982,4.5712,0.5835,0.2891,0.1274,0.7838,0.0361,2.9882,0.3530,0.3762
10,4,4057,4060,4,3,2,0.4167,4059.000,842.379,122.165,11.4457,15.0000,1.4563,0.6429,5.2745,0.6740,0.1469,0.1791,0.9428,0.0584,2.6377,0.8794,0.5243
7,4,4057,4060,4,2,2,0.4375,4058.494,934.608,153.886,10.4891,14.0000,1.2405,0.7911,4.9197,0.6625,0.1752,0.1623,0.9597,0.1934,3.5130,0.7021,0.6709
4,3,4057,4059,3,2,1,0.6667,4057.918,994.449,325.000,8.6032,14.0000,1.1429,0.4563,4.9164,0.7576,0.1294,0.1129,0.8507,0.0000,4.9145,0.7026,0.8163
14,3,4057,4060,4,4,4,0.2188,4058.766,1033.546,218.241,13.2402,13.0000,1.2908,1.1699,4.5683,0.5695,0.1363,0.2942,0.7035,0.4742,3.1597,1.0554,0.3546
4,3,4057,4060,4,1,1,1.0000,4058.638,1058.000,1226.000,8.2560,14.0000,1.1915,0.3617,4.9197,0.9375,0.0000,0.0625,1.0000,0.0000,3.3408,0.1751,0.8298
8,4,4057,4060,4,2,3,0.3333,4058.375,1086.091,287.602,10.9286,14.0000,1.2727,0.7153,4.9164,0.3882,0.3977,0.2142,0.9297,0.0553,4.2154,0.3519,0.6136
5,4,4057,4059,3,2,1,0.8333,4058.133,1097.667,461.000,9.4237,16.0000,1.3333,0.3590,5.6188,0.5854,0.2927,0.1220,0.9487,0.0000,4.5655,1.7551,0.8667
14,3,4057,4060,4,5,4,0.1750,4058.815,1109.210,281.694,14.7431,14.0000,1.2484,2.8642,4.9130,0.8508,0.0562,0.0930,0.4705,0.3043,4.7430,1.7572,0.5669
8,3,4057,4060,4,2,2,0.5000,4059.011,1112.703,1079.407,11.3059,18.0000,1.5824,1.1097,6.3294,0.6166,0.2797,0.1037,0.9709,0.0963,3.3417,0.7028,0.4945
4,3,4057,4060,4,1,1,1.0000,4058.604,1200.000,1089.000,8.4315,13.0000,1.0833,0.3958,4.5712,0.9375,0.0000,0.0625,1.0000,0.0000,3.1629,0.0005,0.7917
12,3,4057,4060,4,2,3,0.5000,4058.868,1206.620,1024.612,13.0848,14.0000,1.3023,1.1283,4.9164,0.6271,0.1780,0.1949,0.9133,0.1392,3.5145,0.7035,0.3953
8,5,4057,4060,4,2,2,0.5000,4058.859,1274.902,483.478,11.4290,14.0000,1.2174,0.9878,4.9197,0.6810,0.1576,0.1614,0.9830,0.0199,4.0442,0.3516,0.7283
9,5,4057,4060,4,2,2,0.5625,4059.036,1284.827,915.582,12.8851,16.0000,1.3091,0.4539,5.6225,0.7469,0.0902,0.1629,0.9690,0.2294,5.2706,2.4548,0.6545
3,3,4058,4060,3,1,1,1.0000,4059.027,158.000,411.000,7.5068,13.0000,1.0541,0.9730,4.5712,0.8889,0.0000,0.1111,1.0000,0.0000,4.5683,1.4058,1.0000
14,4,4058,4060,3,6,1,0.7778,4059.111,742.382,112.000,13.5250,14.0000,1.3611,0.6280,4.9197,0.7311,0.2354,0.0336,0.1711,0.0000,3.8666,1.0535,0.4375
6,3,4058,4060,3,2,2,0.5000,4058.971,805.870,120.333,9.8986,14.0000,1.2174,0.3591,4.9197,0.7074,0.0897,0.2030,0.9140,0.2540,3.5140,0.3518,0.5652
5,3,4058,4060,3,2,1,0.8333,4059.103,847.379,109.000,9.1155,14.0000,1.2069,0.3932,4.9197,0.5854,0.2927,0.1220,0.9487,0.0000,3.1592,0.3523,0.6897
6,3,4058,4060,3,2,2,0.5000,4059.206,891.324,410.147,9.7566,14.0000,1.2353,0.4107,4.9197,0.5230,0.1584,0.3185,0.9225,0.0898,4.5690,1.9321,0.5735
10,7,4058,4060,3,3,2,0.5556,4058.698,1029.651,231.595,13.9988,15.0000,1.1905,1.0369,5.2711,0.1911,0.4811,0.3277,0.9487,0.2862,5.0935,1.0547,0.7857
9,4,4058,4060,3,2,2,0.7500,4059.161,1035.452,1210.731,10.8947,13.0000,1.2581,0.6317,4.5712,0.4875,0.0908,0.4217,0.9594,0.1156,2.8115,1.4065,0.5376
5,4,4058,4060,3,1,2,0.8333,4059.281,1073.000,213.391,10.0596,15.0000,1.1719,0.8180,5.2745,0.5854,0.2927,0.1220,0.9487,0.0000,4.0440,1.4042,0.8438
6,3,4058,4060,3,2,2,0.5000,4059.437,1073.324,221.493,10.1886,16.0000,1.3521,0.8157,5.6261,0.4758,0.3366,0.1876,0.8466,0.1665,3.3395,-0.3526,0.5634
4,3,4058,4060,3,1,2,0.6667,4059.333,1186.000,1054.267,7.9083,12.0000,1.0667,0.4269,4.2196,0.7500,0.1500,0.1000,0.9487,0.0000,4.5692,1.0547,0.8000
8,3,4058,4060,3,3,2,0.4444,4058.718,1209.365,583.247,10.5585,14.0000,1.3176,0.7378,4.9197,0.4053,0.3563,0.2385,0.2336,0.1274,3.1639,0.3529,0.4588
5,3,4058,4060,3,1,2,0.8333,4059.250,1233.000,599.367,9.4307,14.0000,1.1667,0.4438,4.9197,0.5854,0.2927,0.1220,0.9487,0.0000,4.2196,1.0533,0.6667
6,3,4058,4060,3,3,2,0.3333,4059.060,1240.045,542.134,9.6122,14.0000,1.2537,0.9509,4.9229,0.7676,0.0121,0.2203,0.8507,0.5257,3.6917,1.0552,0.5821
5,3,4058,4060,3,2,1,0.8333,4059.259,1246.603,442.000,9.1164,14.0000,1.2069,0.4734,4.9197,0.5854,0.2927,0.1220,0.9487,0.0000,4.2172,0.3515,0.6897
6,6,4058,4060,3,1,2,1.0000,4059.039,1249.000,446.494,11.0467,14.0000,1.0909,1.0803,4.9229,0.5556,0.3333,0.1111,1.0000,0.0000,4.9193,1.4049,1.0000
9,3,4058,4060,3,2,3,0.5000,4059.231,1264.385,457.187,10.6609,14.0000,1.3846,0.4859,4.9229,0.4451,0.2809,0.2740,0.8866,0.3849,3.5155,1.2291,0.4396
8,4,4058,4060,3,3,2,0.4444,4059.348,1266.065,530.641,11.4327,17.0000,1.4783,0.5039,5.9739,0.6139,0.0217,0.3644,0.7702,0.3069,3.5154,0.7042,0.6087
13,4,4058,4060,3,3,4,0.3611,4059.331,1297.154,876.700,12.6728,13.0000,1.3000,0.4723,4.5683,0.5742,0.1177,0.3081,0.5153,0.4333,3.8650,1.0560,0.3769
7,3,4059,4060,2,3,2,0.5833,4059.597,502.922,1293.506,10.2310,14.0000,1.2727,0.6416,4.9229,0.5352,0.1763,0.2885,0.2673,0.0986,3.1652,0.8792,0.5065
6,3,4059,4060,2,3,2,0.5000,4059.609,650.375,132.125,9.1851,13.0000,1.2187,0.8818,4.5683,0.5034,0.2551,0.2415,0.1128,0.4328,3.5153,0.7027,0.5781
4,3,4059,4060,2,2,1,1.0000,4059.471,1165.451,313.000,8.9636,14.0000,1.0980,0.6518,4.9229,0.0000,0.7500,0.2500,1.0000,0.0000,5.0950,1.5805,0.8039
7,3,4059,4060,2,1,4,0.8750,4059.558,1303.000,709.169,10.2308,13.0000,1.1818,1.2954,4.5683,0.7331,0.1952,0.0717,0.1452,0.0000,3.5166,1.4057,0.4935
